status=OK
raw0=0.489369031
out0=0.489369031
raw1=0.154965836
out1=0.154965836
raw2=0.125692115
out2=0.125692115
raw3=0.229973018
out3=0.229973018
energy_j=8.982000000000e-12
