status=OK
raw0=0.583873941
out0=0.583873941
raw1=0.014168135
out1=0.014168135
raw2=0.364504362
out2=0.364504362
raw3=0.037453562
out3=0.037453562
energy_j=8.982000000000e-12
