status=OK
raw0=1.799999866
out0=0.000000134
raw1=1.799999865
out1=0.000000135
raw2=1.799998067
out2=0.000001933
raw3=0.800001266
out3=0.999998734
energy_j=8.982008410336e-12
