status=OK
raw0=0.832238075
out0=0.832238075
raw1=0.078465541
out1=0.078465541
raw2=0.044078199
out2=0.044078199
raw3=0.045218185
out3=0.045218185
energy_j=8.982000000000e-12
