status=OK
spike0_count=15
spike1_count=15
spike2_count=15
spike3_count=15
spike0_first_ns=9.145440248
spike1_first_ns=11.716097057
spike2_first_ns=12.691141814
spike3_first_ns=13.218059485
energy_j=1.349906022792e-10
