status=OK
raw0=0.121171681
out0=0.121171681
raw1=0.590995553
out1=0.590995553
raw2=0.137916365
out2=0.137916365
raw3=0.149916401
out3=0.149916401
energy_j=8.982000000000e-12
