status=OK
raw0=0.405553125
out0=0.405553125
raw1=0.159846642
out1=0.159846642
raw2=0.196690104
out2=0.196690104
raw3=0.237910129
out3=0.237910129
energy_j=8.982000000000e-12
