status=OK
spike0_count=15
spike1_count=15
spike2_count=15
spike3_count=15
spike0_first_ns=12.669084027
spike1_first_ns=15.249935290
spike2_first_ns=16.212888990
spike3_first_ns=16.726659427
energy_j=1.337488769037e-10
