status=OK
spike0_count=15
spike1_count=15
spike2_count=15
spike3_count=15
spike0_first_ns=9.715562902
spike1_first_ns=12.298139423
spike2_first_ns=13.265539733
spike3_first_ns=13.764959427
energy_j=1.336680665471e-10
