status=OK
spike0_count=15
spike1_count=15
spike2_count=15
spike3_count=15
spike0_first_ns=12.327723013
spike1_first_ns=14.903206322
spike2_first_ns=15.882378846
spike3_first_ns=16.383617055
energy_j=1.307558095705e-10
