status=OK
spike0_count=15
spike1_count=15
spike2_count=15
spike3_count=15
spike0_first_ns=11.162763460
spike1_first_ns=13.747875733
spike2_first_ns=14.711895079
spike3_first_ns=15.226726148
energy_j=1.343408092440e-10
