status=OK
spike0_count=15
spike1_count=15
spike2_count=15
spike3_count=15
spike0_first_ns=12.332488658
spike1_first_ns=14.900727491
spike2_first_ns=15.883103441
spike3_first_ns=16.390191093
energy_j=1.306819793383e-10
