status=OK
spike0_count=15
spike1_count=15
spike2_count=15
spike3_count=15
spike0_first_ns=12.570239444
spike1_first_ns=15.126771988
spike2_first_ns=16.131725915
spike3_first_ns=16.680850633
energy_j=1.338196809853e-10
