status=OK
spike0_count=15
spike1_count=15
spike2_count=15
spike3_count=15
spike0_first_ns=9.754483456
spike1_first_ns=12.337971691
spike2_first_ns=13.289178965
spike3_first_ns=13.768348710
energy_j=1.337957259039e-10
