status=OK
raw0=0.799999100
out0=1.000000900
raw1=1.799999867
out1=0.000000133
raw2=1.799999867
out2=0.000000133
raw3=1.799999867
out3=0.000000133
energy_j=8.982010033899e-12
