status=OK
raw0=0.188335938
out0=0.188335938
raw1=0.192217290
out1=0.192217290
raw2=0.338420338
out2=0.338420338
raw3=0.281026434
out3=0.281026434
energy_j=8.982000000000e-12
