status=OK
spike0_count=15
spike1_count=15
spike2_count=15
spike3_count=15
spike0_first_ns=9.894211560
spike1_first_ns=12.456977008
spike2_first_ns=13.448344956
spike3_first_ns=13.954806480
energy_j=1.303033026682e-10
