status=OK
spike0_count=15
spike1_count=15
spike2_count=15
spike3_count=15
spike0_first_ns=9.326610944
spike1_first_ns=11.904156988
spike2_first_ns=12.882356661
spike3_first_ns=13.383364926
energy_j=1.317262562106e-10
