status=OK
raw0=0.139457714
out0=0.139457714
raw1=0.132268737
out1=0.132268737
raw2=0.193681472
out2=0.193681472
raw3=0.534592077
out3=0.534592077
energy_j=8.982000000000e-12
