status=OK
spike0_count=15
spike1_count=15
spike2_count=15
spike3_count=15
spike0_first_ns=9.277922133
spike1_first_ns=11.852390989
spike2_first_ns=12.820779299
spike3_first_ns=13.331944510
energy_j=1.328594491450e-10
