status=OK
spike0_count=15
spike1_count=15
spike2_count=15
spike3_count=15
spike0_first_ns=9.274160977
spike1_first_ns=11.847369812
spike2_first_ns=12.820562487
spike3_first_ns=13.333196265
energy_j=1.328292082591e-10
