status=OK
spike0_count=15
spike1_count=15
spike2_count=15
spike3_count=15
spike0_first_ns=9.265946445
spike1_first_ns=11.847086777
spike2_first_ns=12.822936313
spike3_first_ns=13.336563627
energy_j=1.327537109357e-10
