status=OK
spike0_count=15
spike1_count=15
spike2_count=15
spike3_count=15
spike0_first_ns=11.073962361
spike1_first_ns=13.628776415
spike2_first_ns=14.635585503
spike3_first_ns=15.187410733
energy_j=1.344011629561e-10
