status=OK
spike0_count=15
spike1_count=15
spike2_count=15
spike3_count=15
spike0_first_ns=9.724846903
spike1_first_ns=12.300257259
spike2_first_ns=13.266198087
spike3_first_ns=13.761826879
energy_j=1.338032493393e-10
