status=OK
spike0_count=15
spike1_count=15
spike2_count=15
spike3_count=15
spike0_first_ns=12.771784967
spike1_first_ns=15.346405542
spike2_first_ns=16.316781101
spike3_first_ns=16.830565924
energy_j=1.316397325034e-10
