status=OK
spike0_count=15
spike1_count=15
spike2_count=15
spike3_count=15
spike0_first_ns=12.140559761
spike1_first_ns=14.716494896
spike2_first_ns=15.689642508
spike3_first_ns=16.215924101
energy_j=1.339915479478e-10
