status=OK
spike0_count=15
spike1_count=15
spike2_count=15
spike3_count=15
spike0_first_ns=10.462404628
spike1_first_ns=13.027234097
spike2_first_ns=14.022300919
spike3_first_ns=14.540891844
energy_j=1.289505098720e-10
