status=OK
raw0=0.138950212
out0=0.138950212
raw1=0.309780272
out1=0.309780272
raw2=0.347404517
out2=0.347404517
raw3=0.203864999
out3=0.203864999
energy_j=8.982000000000e-12
