status=OK
spike0_count=15
spike1_count=15
spike2_count=15
spike3_count=15
spike0_first_ns=14.167944005
spike1_first_ns=16.748554571
spike2_first_ns=17.707353477
spike3_first_ns=18.222409543
energy_j=1.330100232908e-10
