status=OK
spike0_count=15
spike1_count=15
spike2_count=15
spike3_count=15
spike0_first_ns=12.362378582
spike1_first_ns=14.922176494
spike2_first_ns=15.925613033
spike3_first_ns=16.448122937
energy_j=1.295390965026e-10
