status=OK
spike0_count=15
spike1_count=15
spike2_count=15
spike3_count=15
spike0_first_ns=12.330376565
spike1_first_ns=14.897866849
spike2_first_ns=15.882431235
spike3_first_ns=16.391479517
energy_j=1.306491236039e-10
