status=OK
spike0_count=15
spike1_count=15
spike2_count=15
spike3_count=15
spike0_first_ns=9.716697058
spike1_first_ns=12.296447424
spike2_first_ns=13.264365911
spike3_first_ns=13.764636211
energy_j=1.336696062569e-10
