status=OK
raw0=0.048560637
out0=0.048560637
raw1=0.397223823
out1=0.397223823
raw2=0.533070356
out2=0.533070356
raw3=0.021145185
out3=0.021145185
energy_j=8.982000000000e-12
