status=OK
spike0_count=15
spike1_count=15
spike2_count=15
spike3_count=15
spike0_first_ns=12.719765366
spike1_first_ns=15.296106950
spike2_first_ns=16.263563192
spike3_first_ns=16.759156922
energy_j=1.327421259652e-10
