status=OK
raw0=0.138179638
out0=0.138179638
raw1=0.551379269
out1=0.551379269
raw2=0.278032576
out2=0.278032576
raw3=0.032408517
out3=0.032408517
energy_j=8.982000000000e-12
