status=OK
spike0_count=15
spike1_count=15
spike2_count=15
spike3_count=15
spike0_first_ns=9.704100142
spike1_first_ns=12.293148180
spike2_first_ns=13.240985135
spike3_first_ns=13.735235699
energy_j=1.347936404099e-10
