status=OK
spike0_count=15
spike1_count=15
spike2_count=15
spike3_count=15
spike0_first_ns=12.772207428
spike1_first_ns=15.346417701
spike2_first_ns=16.316861154
spike3_first_ns=16.830579056
energy_j=1.316460725457e-10
