status=OK
spike0_count=15
spike1_count=15
spike2_count=15
spike3_count=15
spike0_first_ns=10.329403400
spike1_first_ns=12.905297781
spike2_first_ns=13.886107716
spike3_first_ns=14.394455329
energy_j=1.313652086873e-10
