status=OK
spike0_count=15
spike1_count=15
spike2_count=15
spike3_count=15
spike0_first_ns=12.462733206
spike1_first_ns=15.029036884
spike2_first_ns=16.028033223
spike3_first_ns=16.542805126
energy_j=1.282906429076e-10
