status=OK
raw0=0.392691347
out0=0.392691347
raw1=0.198790514
out1=0.198790514
raw2=0.058060851
out2=0.058060851
raw3=0.350457289
out3=0.350457289
energy_j=8.982000000000e-12
