status=OK
raw0=0.171951915
out0=0.171951915
raw1=0.619131538
out1=0.619131538
raw2=0.140596456
out2=0.140596456
raw3=0.068320091
out3=0.068320091
energy_j=8.982000000000e-12
