status=OK
spike0_count=15
spike1_count=15
spike2_count=15
spike3_count=15
spike0_first_ns=12.669901899
spike1_first_ns=15.249882783
spike2_first_ns=16.211483656
spike3_first_ns=16.725228737
energy_j=1.337319082405e-10
