status=OK
spike0_count=15
spike1_count=15
spike2_count=15
spike3_count=15
spike0_first_ns=13.828627385
spike1_first_ns=16.397506219
spike2_first_ns=17.380160315
spike3_first_ns=17.883125329
energy_j=1.299853139220e-10
