status=OK
raw0=0.024975415
out0=0.024975415
raw1=0.309180832
out1=0.309180832
raw2=0.454567474
out2=0.454567474
raw3=0.211276279
out3=0.211276279
energy_j=8.982000000000e-12
