status=OK
spike0_count=15
spike1_count=15
spike2_count=15
spike3_count=15
spike0_first_ns=9.672110260
spike1_first_ns=12.252219809
spike2_first_ns=13.211627349
spike3_first_ns=13.725309000
energy_j=1.348079734588e-10
