status=OK
spike0_count=15
spike1_count=15
spike2_count=15
spike3_count=15
spike0_first_ns=12.716971288
spike1_first_ns=15.293445205
spike2_first_ns=16.265093310
spike3_first_ns=16.765300474
energy_j=1.325999783115e-10
