status=OK
spike0_count=15
spike1_count=15
spike2_count=15
spike3_count=15
spike0_first_ns=10.184399978
spike1_first_ns=12.763769950
spike2_first_ns=13.740885298
spike3_first_ns=14.254207342
energy_j=1.336475983983e-10
