status=OK
raw0=1.107654496
out0=0.692345504
raw1=1.799999826
out1=0.000000174
raw2=1.799269040
out2=0.000730960
raw3=1.493023167
out3=0.306976833
energy_j=8.982479284847e-12
