status=OK
spike0_count=15
spike1_count=15
spike2_count=15
spike3_count=15
spike0_first_ns=9.529416769
spike1_first_ns=12.104831323
spike2_first_ns=13.109526042
spike3_first_ns=13.634139217
energy_j=1.279866926347e-10
