status=OK
spike0_count=15
spike1_count=15
spike2_count=15
spike3_count=15
spike0_first_ns=11.172891496
spike1_first_ns=13.749494291
spike2_first_ns=14.712969882
spike3_first_ns=15.226978004
energy_j=1.343425314171e-10
