status=OK
spike0_count=15
spike1_count=15
spike2_count=15
spike3_count=15
spike0_first_ns=9.673627496
spike1_first_ns=12.253774013
spike2_first_ns=13.212635736
spike3_first_ns=13.725650092
energy_j=1.348117288515e-10
