status=OK
spike0_count=15
spike1_count=15
spike2_count=15
spike3_count=15
spike0_first_ns=12.670041100
spike1_first_ns=15.250145982
spike2_first_ns=16.212860320
spike3_first_ns=16.726666437
energy_j=1.337417044314e-10
