status=OK
spike0_count=15
spike1_count=15
spike2_count=15
spike3_count=15
spike0_first_ns=12.244053550
spike1_first_ns=14.810915590
spike2_first_ns=15.796112092
spike3_first_ns=16.326807136
energy_j=1.318704804307e-10
