status=OK
spike0_count=15
spike1_count=15
spike2_count=15
spike3_count=15
spike0_first_ns=12.671228391
spike1_first_ns=15.251584224
spike2_first_ns=16.212436794
spike3_first_ns=16.725420929
energy_j=1.337356041065e-10
