status=OK
spike0_count=15
spike1_count=15
spike2_count=15
spike3_count=15
spike0_first_ns=12.669524593
spike1_first_ns=15.249942678
spike2_first_ns=16.212818899
spike3_first_ns=16.726655929
energy_j=1.337402745481e-10
