status=OK
spike0_count=15
spike1_count=15
spike2_count=15
spike3_count=15
spike0_first_ns=9.670914969
spike1_first_ns=12.250525022
spike2_first_ns=13.210533909
spike3_first_ns=13.724880145
energy_j=1.348162408847e-10
