status=OK
spike0_count=15
spike1_count=15
spike2_count=15
spike3_count=15
spike0_first_ns=9.641868909
spike1_first_ns=12.217733244
spike2_first_ns=13.189701563
spike3_first_ns=13.717882265
energy_j=1.348335692445e-10
