status=OK
spike0_count=15
spike1_count=15
spike2_count=15
spike3_count=15
spike0_first_ns=12.669472777
spike1_first_ns=15.250042087
spike2_first_ns=16.211433827
spike3_first_ns=16.725225585
energy_j=1.337304186141e-10
