status=OK
spike0_count=15
spike1_count=15
spike2_count=15
spike3_count=15
spike0_first_ns=10.306566322
spike1_first_ns=12.888404847
spike2_first_ns=13.849770434
spike3_first_ns=14.342408534
energy_j=1.325021161027e-10
