status=OK
spike0_count=15
spike1_count=15
spike2_count=15
spike3_count=15
spike0_first_ns=12.678781270
spike1_first_ns=15.261241011
spike2_first_ns=16.219933516
spike3_first_ns=16.728586614
energy_j=1.337245146679e-10
