status=OK
spike0_count=15
spike1_count=15
spike2_count=15
spike3_count=15
spike0_first_ns=9.721862517
spike1_first_ns=12.298051391
spike2_first_ns=13.265579535
spike3_first_ns=13.764964391
energy_j=1.336646145220e-10
