status=OK
spike0_count=15
spike1_count=15
spike2_count=15
spike3_count=15
spike0_first_ns=12.301197390
spike1_first_ns=14.863519850
spike2_first_ns=15.859205835
spike3_first_ns=16.375925889
energy_j=1.307132305653e-10
