status=OK
spike0_count=15
spike1_count=15
spike2_count=15
spike3_count=15
spike0_first_ns=15.332488658
spike1_first_ns=17.900637007
spike2_first_ns=18.883014692
spike3_first_ns=19.390188537
energy_j=1.291993880102e-10
