status=OK
spike0_count=15
spike1_count=15
spike2_count=15
spike3_count=15
spike0_first_ns=10.277460490
spike1_first_ns=12.854287753
spike2_first_ns=13.827103942
spike3_first_ns=14.336160901
energy_j=1.325587838491e-10
