status=OK
spike0_count=15
spike1_count=15
spike2_count=15
spike3_count=15
spike0_first_ns=12.699806942
spike1_first_ns=15.287476848
spike2_first_ns=16.235447879
spike3_first_ns=16.732213436
energy_j=1.337114291506e-10
