status=OK
raw0=0.238279854
out0=0.238279854
raw1=0.241445962
out1=0.241445962
raw2=0.133721892
out2=0.133721892
raw3=0.386552292
out3=0.386552292
energy_j=8.982000000000e-12
