status=OK
raw0=0.313501893
out0=0.313501893
raw1=0.040880607
out1=0.040880607
raw2=0.289985203
out2=0.289985203
raw3=0.355632297
out3=0.355632297
energy_j=8.982000000000e-12
