status=OK
spike0_count=15
spike1_count=15
spike2_count=15
spike3_count=15
spike0_first_ns=9.643476468
spike1_first_ns=12.216379625
spike2_first_ns=13.188634454
spike3_first_ns=13.717625878
energy_j=1.348370512105e-10
