status=OK
spike0_count=15
spike1_count=15
spike2_count=15
spike3_count=15
spike0_first_ns=12.669806281
spike1_first_ns=15.249964948
spike2_first_ns=16.211420850
spike3_first_ns=16.725221832
energy_j=1.337318643674e-10
