status=OK
raw0=1.799999453
out0=0.000000547
raw1=0.807130093
out1=0.992869907
raw2=1.792866807
out2=0.007133193
raw3=1.799999867
out3=0.000000133
energy_j=8.982033927517e-12
