status=OK
spike0_count=15
spike1_count=15
spike2_count=15
spike3_count=15
spike0_first_ns=9.746938204
spike1_first_ns=12.337770000
spike2_first_ns=13.289236925
spike3_first_ns=13.768362590
energy_j=1.337928588134e-10
