status=OK
spike0_count=15
spike1_count=15
spike2_count=15
spike3_count=15
spike0_first_ns=9.835041610
spike1_first_ns=12.405073304
spike2_first_ns=13.387958274
spike3_first_ns=13.900446125
energy_j=1.315296258660e-10
