status=OK
raw0=1.709268558
out0=0.090731442
raw1=1.799999862
out1=0.000000138
raw2=1.797538580
out2=0.002461420
raw3=1.799999860
out3=0.000000140
energy_j=8.370607905178e-13
