status=OK
spike0_count=15
spike1_count=15
spike2_count=15
spike3_count=15
spike0_first_ns=12.673473367
spike1_first_ns=15.255290674
spike2_first_ns=16.214586022
spike3_first_ns=16.726692595
energy_j=1.337348657812e-10
