status=OK
spike0_count=15
spike1_count=15
spike2_count=15
spike3_count=15
spike0_first_ns=12.720425647
spike1_first_ns=15.296268015
spike2_first_ns=16.263512125
spike3_first_ns=16.759277729
energy_j=1.327299012438e-10
