status=OK
spike0_count=15
spike1_count=15
spike2_count=15
spike3_count=15
spike0_first_ns=10.274839631
spike1_first_ns=12.851081726
spike2_first_ns=13.825882041
spike3_first_ns=14.337292252
energy_j=1.325200532823e-10
