status=OK
spike0_count=15
spike1_count=15
spike2_count=15
spike3_count=15
spike0_first_ns=9.774797302
spike1_first_ns=12.350231987
spike2_first_ns=13.324780559
spike3_first_ns=13.836418200
energy_j=1.326981407737e-10
