status=OK
spike0_count=15
spike1_count=15
spike2_count=15
spike3_count=15
spike0_first_ns=9.220944551
spike1_first_ns=11.801743750
spike2_first_ns=12.767941972
spike3_first_ns=13.263120888
energy_j=1.339358974890e-10
