status=OK
spike0_count=15
spike1_count=15
spike2_count=15
spike3_count=15
spike0_first_ns=10.396998019
spike1_first_ns=12.960532352
spike2_first_ns=13.952184415
spike3_first_ns=14.455689362
energy_j=1.301804976782e-10
