status=OK
spike0_count=15
spike1_count=15
spike2_count=15
spike3_count=15
spike0_first_ns=9.332299983
spike1_first_ns=11.901868379
spike2_first_ns=12.882376188
spike3_first_ns=13.387101836
energy_j=1.316749091171e-10
