status=OK
raw0=0.433405187
out0=0.433405187
raw1=0.119918342
out1=0.119918342
raw2=0.073290906
out2=0.073290906
raw3=0.373385564
out3=0.373385564
energy_j=8.982000000000e-12
