status=OK
raw0=0.069569887
out0=0.069569887
raw1=0.345788374
out1=0.345788374
raw2=0.434884367
out2=0.434884367
raw3=0.149757372
out3=0.149757372
energy_j=8.982000000000e-12
