status=OK
spike0_count=15
spike1_count=15
spike2_count=15
spike3_count=15
spike0_first_ns=9.676048867
spike1_first_ns=12.257209350
spike2_first_ns=13.215085018
spike3_first_ns=13.726522514
energy_j=1.348065478085e-10
