status=OK
spike0_count=15
spike1_count=15
spike2_count=15
spike3_count=15
spike0_first_ns=12.671081444
spike1_first_ns=15.253486985
spike2_first_ns=16.213611157
spike3_first_ns=16.726163461
energy_j=1.337418177159e-10
