status=OK
raw0=0.019569598
out0=0.019569598
raw1=0.800740298
out1=0.800740298
raw2=0.147617425
out2=0.147617425
raw3=0.032072679
out3=0.032072679
energy_j=8.982000000000e-12
