status=OK
raw0=0.185610190
out0=0.185610190
raw1=0.409914569
out1=0.409914569
raw2=0.198020043
out2=0.198020043
raw3=0.206455198
out3=0.206455198
energy_j=8.982000000000e-12
