status=OK
raw0=0.313429072
out0=0.313429072
raw1=0.194283612
out1=0.194283612
raw2=0.283579862
out2=0.283579862
raw3=0.208707454
out3=0.208707454
energy_j=8.982000000000e-12
