status=OK
spike0_count=15
spike1_count=15
spike2_count=15
spike3_count=15
spike0_first_ns=12.173849050
spike1_first_ns=14.753865052
spike2_first_ns=15.713768165
spike3_first_ns=16.225403295
energy_j=1.339553043429e-10
