status=OK
spike0_count=15
spike1_count=15
spike2_count=15
spike3_count=15
spike0_first_ns=9.673636490
spike1_first_ns=12.254123242
spike2_first_ns=13.212641005
spike3_first_ns=13.725870921
energy_j=1.347985762510e-10
