status=OK
spike0_count=15
spike1_count=15
spike2_count=15
spike3_count=15
spike0_first_ns=9.725625497
spike1_first_ns=12.304347128
spike2_first_ns=13.267942234
spike3_first_ns=13.761073073
energy_j=1.338848828418e-10
