status=OK
spike0_count=15
spike1_count=15
spike2_count=15
spike3_count=15
spike0_first_ns=9.272988805
spike1_first_ns=11.847337109
spike2_first_ns=12.820484166
spike3_first_ns=13.333347094
energy_j=1.328231157725e-10
