status=OK
raw0=0.085520128
out0=0.085520128
raw1=0.300897285
out1=0.300897285
raw2=0.364847325
out2=0.364847325
raw3=0.248735262
out3=0.248735262
energy_j=8.982000000000e-12
