status=OK
spike0_count=15
spike1_count=15
spike2_count=15
spike3_count=15
spike0_first_ns=12.642732696
spike1_first_ns=15.214634257
spike2_first_ns=16.188166088
spike3_first_ns=16.715263266
energy_j=1.337663033572e-10
