status=OK
raw0=0.152592846
out0=0.152592846
raw1=0.592200743
out1=0.592200743
raw2=0.052626516
out2=0.052626516
raw3=0.202579895
out3=0.202579895
energy_j=8.982000000000e-12
