status=OK
spike0_count=15
spike1_count=15
spike2_count=15
spike3_count=15
spike0_first_ns=10.461212562
spike1_first_ns=13.032617053
spike2_first_ns=14.026496585
spike3_first_ns=14.541847404
energy_j=1.289625901539e-10
