status=OK
raw0=0.035558826
out0=0.035558826
raw1=0.399723028
out1=0.399723028
raw2=0.153452310
out2=0.153452310
raw3=0.411265837
out3=0.411265837
energy_j=8.982000000000e-12
