status=OK
spike0_count=15
spike1_count=15
spike2_count=15
spike3_count=15
spike0_first_ns=12.701080988
spike1_first_ns=15.291018767
spike2_first_ns=16.237712655
spike3_first_ns=16.733143935
energy_j=1.337118773878e-10
