status=OK
raw0=0.236072640
out0=0.236072640
raw1=0.167029822
out1=0.167029822
raw2=0.454111595
out2=0.454111595
raw3=0.142785942
out3=0.142785942
energy_j=8.982000000000e-12
