status=OK
spike0_count=15
spike1_count=15
spike2_count=15
spike3_count=15
spike0_first_ns=9.706188430
spike1_first_ns=12.294677924
spike2_first_ns=13.242050806
spike3_first_ns=13.735450581
energy_j=1.347823017087e-10
