status=OK
spike0_count=15
spike1_count=15
spike2_count=15
spike3_count=15
spike0_first_ns=14.173501905
spike1_first_ns=16.755263072
spike2_first_ns=17.711854722
spike3_first_ns=18.223545504
energy_j=1.330006942192e-10
