status=OK
spike0_count=15
spike1_count=15
spike2_count=15
spike3_count=15
spike0_first_ns=9.673315625
spike1_first_ns=12.253557040
spike2_first_ns=13.216074578
spike3_first_ns=13.728871225
energy_j=1.348166417616e-10
