status=OK
raw0=1.799999867
out0=0.000000133
raw1=1.799999827
out1=0.000000173
raw2=0.800050945
out2=0.999949055
raw3=1.799948118
out3=0.000051882
energy_j=8.982009916389e-12
