status=OK
spike0_count=15
spike1_count=15
spike2_count=15
spike3_count=15
spike0_first_ns=9.894232590
spike1_first_ns=12.457296865
spike2_first_ns=13.448347481
spike3_first_ns=13.953035755
energy_j=1.303719489066e-10
