status=OK
spike0_count=15
spike1_count=15
spike2_count=15
spike3_count=15
spike0_first_ns=10.466220932
spike1_first_ns=13.032328787
spike2_first_ns=14.026116909
spike3_first_ns=14.541802258
energy_j=1.289524937800e-10
