status=OK
spike0_count=15
spike1_count=15
spike2_count=15
spike3_count=15
spike0_first_ns=9.671842872
spike1_first_ns=12.252342386
spike2_first_ns=13.211660311
spike3_first_ns=13.725955780
energy_j=1.348045054813e-10
