status=OK
spike0_count=15
spike1_count=15
spike2_count=15
spike3_count=15
spike0_first_ns=11.460686650
spike1_first_ns=14.024795176
spike2_first_ns=15.021771954
spike3_first_ns=15.539297421
energy_j=1.286403912588e-10
