status=OK
spike0_count=15
spike1_count=15
spike2_count=15
spike3_count=15
spike0_first_ns=9.673303216
spike1_first_ns=12.254213700
spike2_first_ns=13.212725924
spike3_first_ns=13.725873004
energy_j=1.348013060919e-10
