status=OK
spike0_count=15
spike1_count=15
spike2_count=15
spike3_count=15
spike0_first_ns=12.459634772
spike1_first_ns=15.026914768
spike2_first_ns=16.024008111
spike3_first_ns=16.541719687
energy_j=1.282870074779e-10
