status=OK
raw0=0.048712179
out0=0.048712179
raw1=0.133200423
out1=0.133200423
raw2=0.122839451
out2=0.122839451
raw3=0.695247947
out3=0.695247947
energy_j=8.982000000000e-12
