status=OK
spike0_count=15
spike1_count=15
spike2_count=15
spike3_count=15
spike0_first_ns=13.666117674
spike1_first_ns=16.250232623
spike2_first_ns=17.209735950
spike3_first_ns=17.721482158
energy_j=1.332560255881e-10
