status=OK
spike0_count=15
spike1_count=15
spike2_count=15
spike3_count=15
spike0_first_ns=10.395973139
spike1_first_ns=12.960676708
spike2_first_ns=13.952056497
spike3_first_ns=14.455531843
energy_j=1.301866433720e-10
