status=OK
raw0=1.612945459
out0=0.187054541
raw1=1.799999862
out1=0.000000138
raw2=1.799999862
out2=0.000000138
raw3=1.799999855
out3=0.000000145
energy_j=1.680127671262e-12
