status=OK
spike0_count=15
spike1_count=15
spike2_count=15
spike3_count=15
spike0_first_ns=11.220777013
spike1_first_ns=13.799622481
spike2_first_ns=14.765093170
spike3_first_ns=15.260785264
energy_j=1.333100167291e-10
