status=OK
spike0_count=15
spike1_count=15
spike2_count=15
spike3_count=15
spike0_first_ns=12.637586243
spike1_first_ns=15.214671944
spike2_first_ns=16.188122548
spike3_first_ns=16.715261511
energy_j=1.337586743015e-10
