status=OK
spike0_count=15
spike1_count=15
spike2_count=15
spike3_count=15
spike0_first_ns=12.771286172
spike1_first_ns=15.344159911
spike2_first_ns=16.318219638
spike3_first_ns=16.833550272
energy_j=1.315780339568e-10
