status=OK
spike0_count=15
spike1_count=15
spike2_count=15
spike3_count=15
spike0_first_ns=9.175443419
spike1_first_ns=11.754052362
spike2_first_ns=12.715352765
spike3_first_ns=13.226983543
energy_j=1.349796462008e-10
