status=OK
spike0_count=15
spike1_count=15
spike2_count=15
spike3_count=15
spike0_first_ns=12.224014291
spike1_first_ns=14.803228919
spike2_first_ns=15.766711350
spike3_first_ns=16.260083955
energy_j=1.330221125261e-10
