status=OK
spike0_count=15
spike1_count=15
spike2_count=15
spike3_count=15
spike0_first_ns=12.773912111
spike1_first_ns=15.349848759
spike2_first_ns=16.317888529
spike3_first_ns=16.829992405
energy_j=1.316952592786e-10
