status=OK
spike0_count=15
spike1_count=15
spike2_count=15
spike3_count=15
spike0_first_ns=12.701212636
spike1_first_ns=15.289155574
spike2_first_ns=16.236515261
spike3_first_ns=16.732431037
energy_j=1.337148479672e-10
