status=OK
spike0_count=15
spike1_count=15
spike2_count=15
spike3_count=15
spike0_first_ns=9.396151636
spike1_first_ns=11.961895342
spike2_first_ns=12.952678425
spike3_first_ns=13.456207784
energy_j=1.304908116452e-10
