status=OK
raw0=0.362969988
out0=0.362969988
raw1=0.204253947
out1=0.204253947
raw2=0.183952839
out2=0.183952839
raw3=0.248823227
out3=0.248823227
energy_j=8.982000000000e-12
