status=OK
raw0=0.916767234
out0=0.883232766
raw1=1.799949031
out1=0.000050969
raw2=1.799999771
out2=0.000000229
raw3=1.702360264
out3=0.097639736
energy_j=8.810656659567e-12
