status=OK
raw0=0.186939074
out0=0.186939074
raw1=0.137544568
out1=0.137544568
raw2=0.369877906
out2=0.369877906
raw3=0.305638451
out3=0.305638451
energy_j=8.982000000000e-12
