status=OK
raw0=1.799999865
out0=0.000000135
raw1=1.799999865
out1=0.000000135
raw2=1.799999864
out2=0.000000136
raw3=0.800007337
out3=0.999992663
energy_j=8.981937742295e-12
