status=OK
raw0=1.799999861
out0=0.000000139
raw1=1.798086245
out1=0.001913755
raw2=1.799999861
out2=0.000000139
raw3=1.799999861
out3=0.000000139
energy_j=1.719303957687e-14
