status=OK
spike0_count=15
spike1_count=15
spike2_count=15
spike3_count=15
spike0_first_ns=9.333924690
spike1_first_ns=11.901856856
spike2_first_ns=12.882368274
spike3_first_ns=13.387308150
energy_j=1.316675412619e-10
