status=OK
raw0=1.799999866
out0=0.000000134
raw1=1.799999863
out1=0.000000137
raw2=1.799999011
out2=0.000000989
raw3=0.800000280
out3=0.999999720
energy_j=8.982008614232e-12
