status=OK
raw0=0.219098881
out0=0.219098881
raw1=0.329616021
out1=0.329616021
raw2=0.416696332
out2=0.416696332
raw3=0.034588767
out3=0.034588767
energy_j=8.982000000000e-12
