status=OK
spike0_count=15
spike1_count=15
spike2_count=15
spike3_count=15
spike0_first_ns=12.740617651
spike1_first_ns=15.308466140
spike2_first_ns=16.293679885
spike3_first_ns=16.824066249
energy_j=1.316721972288e-10
