status=OK
raw0=0.299500439
out0=0.299500439
raw1=0.248617365
out1=0.248617365
raw2=0.261107569
out2=0.261107569
raw3=0.190774627
out3=0.190774627
energy_j=8.982000000000e-12
