status=OK
raw0=0.328870720
out0=0.328870720
raw1=0.233990040
out1=0.233990040
raw2=0.126456524
out2=0.126456524
raw3=0.310682715
out3=0.310682715
energy_j=8.982000000000e-12
