status=OK
raw0=0.053986791
out0=0.053986791
raw1=0.048564268
out1=0.048564268
raw2=0.104130651
out2=0.104130651
raw3=0.793318289
out3=0.793318289
energy_j=8.982000000000e-12
