status=OK
spike0_count=15
spike1_count=15
spike2_count=15
spike3_count=15
spike0_first_ns=12.273807381
spike1_first_ns=14.848461624
spike2_first_ns=15.819029722
spike3_first_ns=16.332711836
energy_j=1.318430610941e-10
