status=OK
spike0_count=15
spike1_count=15
spike2_count=15
spike3_count=15
spike0_first_ns=12.304686761
spike1_first_ns=14.886074739
spike2_first_ns=15.843229603
spike3_first_ns=16.338051867
energy_j=1.318203031689e-10
