status=OK
raw0=0.574856611
out0=0.574856611
raw1=0.294596805
out1=0.294596805
raw2=0.051690877
out2=0.051690877
raw3=0.078855707
out3=0.078855707
energy_j=8.982000000000e-12
