status=OK
spike0_count=15
spike1_count=15
spike2_count=15
spike3_count=15
spike0_first_ns=13.955042538
spike1_first_ns=16.525364593
spike2_first_ns=17.521388819
spike3_first_ns=18.039324762
energy_j=1.276113158952e-10
