status=OK
spike0_count=15
spike1_count=15
spike2_count=15
spike3_count=15
spike0_first_ns=12.668612435
spike1_first_ns=15.248344658
spike2_first_ns=16.210449067
spike3_first_ns=16.725069313
energy_j=1.337431618757e-10
