status=OK
spike0_count=15
spike1_count=15
spike2_count=15
spike3_count=15
spike0_first_ns=9.665697526
spike1_first_ns=12.255599115
spike2_first_ns=13.213892339
spike3_first_ns=13.726549859
energy_j=1.348083429015e-10
