status=OK
spike0_count=15
spike1_count=15
spike2_count=15
spike3_count=15
spike0_first_ns=9.676610612
spike1_first_ns=12.256793750
spike2_first_ns=13.218253532
spike3_first_ns=13.729374834
energy_j=1.348170618393e-10
