status=OK
spike0_count=15
spike1_count=15
spike2_count=15
spike3_count=15
spike0_first_ns=10.253183706
spike1_first_ns=12.839279830
spike2_first_ns=13.790628451
spike3_first_ns=14.270663319
energy_j=1.336199687780e-10
