status=OK
spike0_count=15
spike1_count=15
spike2_count=15
spike3_count=15
spike0_first_ns=10.170635639
spike1_first_ns=12.750632865
spike2_first_ns=13.712478680
spike3_first_ns=14.225032507
energy_j=1.346430327526e-10
