status=OK
spike0_count=15
spike1_count=15
spike2_count=15
spike3_count=15
spike0_first_ns=12.669080130
spike1_first_ns=15.251909771
spike2_first_ns=16.212380275
spike3_first_ns=16.725299917
energy_j=1.337438903480e-10
