status=OK
spike0_count=15
spike1_count=15
spike2_count=15
spike3_count=15
spike0_first_ns=10.398526403
spike1_first_ns=12.965631552
spike2_first_ns=13.950415732
spike3_first_ns=14.453223843
energy_j=1.301882468252e-10
