status=OK
raw0=0.196339644
out0=0.196339644
raw1=0.219493872
out1=0.219493872
raw2=0.220100167
out2=0.220100167
raw3=0.364066317
out3=0.364066317
energy_j=8.982000000000e-12
