status=OK
spike0_count=15
spike1_count=15
spike2_count=15
spike3_count=15
spike0_first_ns=12.719451292
spike1_first_ns=15.298254201
spike2_first_ns=16.267886590
spike3_first_ns=16.766047617
energy_j=1.325968948434e-10
