status=OK
raw0=0.037592538
out0=0.037592538
raw1=0.107274158
out1=0.107274158
raw2=0.027742115
out2=0.027742115
raw3=0.827391189
out3=0.827391189
energy_j=8.982000000000e-12
