status=OK
raw0=1.799999864
out0=0.000000136
raw1=1.700560395
out1=0.099439605
raw2=0.900913723
out2=0.899086277
raw3=1.798510017
out3=0.001489983
energy_j=8.982143259357e-12
