status=OK
spike0_count=15
spike1_count=15
spike2_count=15
spike3_count=15
spike0_first_ns=11.394437328
spike1_first_ns=13.959325460
spike2_first_ns=14.950260853
spike3_first_ns=15.454345742
energy_j=1.298749573584e-10
