status=OK
spike0_count=15
spike1_count=15
spike2_count=15
spike3_count=15
spike0_first_ns=12.663639220
spike1_first_ns=15.255051348
spike2_first_ns=16.214732817
spike3_first_ns=16.726644330
energy_j=1.337267678848e-10
