status=OK
spike0_count=15
spike1_count=15
spike2_count=15
spike3_count=15
spike0_first_ns=10.396333889
spike1_first_ns=12.960931072
spike2_first_ns=13.952171281
spike3_first_ns=14.455576708
energy_j=1.301833578061e-10
