status=OK
spike0_count=15
spike1_count=15
spike2_count=15
spike3_count=15
spike0_first_ns=9.722121048
spike1_first_ns=12.300234568
spike2_first_ns=13.266190515
spike3_first_ns=13.761810908
energy_j=1.338027817081e-10
