status=OK
spike0_count=15
spike1_count=15
spike2_count=15
spike3_count=15
spike0_first_ns=14.171019798
spike1_first_ns=16.750166982
spike2_first_ns=17.708501722
spike3_first_ns=18.222494693
energy_j=1.330084228924e-10
