status=OK
spike0_count=15
spike1_count=15
spike2_count=15
spike3_count=15
spike0_first_ns=11.171473014
spike1_first_ns=13.751368409
spike2_first_ns=14.714077534
spike3_first_ns=15.227398720
energy_j=1.343353590219e-10
