status=OK
spike0_count=15
spike1_count=15
spike2_count=15
spike3_count=15
spike0_first_ns=9.694426624
spike1_first_ns=12.262491951
spike2_first_ns=13.241986122
spike3_first_ns=13.754847346
energy_j=1.338225122317e-10
