status=OK
raw0=0.041253575
out0=0.041253575
raw1=0.042538374
out1=0.042538374
raw2=0.227961948
out2=0.227961948
raw3=0.688246103
out3=0.688246103
energy_j=8.982000000000e-12
