status=OK
spike0_count=15
spike1_count=15
spike2_count=15
spike3_count=15
spike0_first_ns=9.457519781
spike1_first_ns=12.029005975
spike2_first_ns=13.022814428
spike3_first_ns=13.539696212
energy_j=1.292686502551e-10
