status=OK
spike0_count=15
spike1_count=15
spike2_count=15
spike3_count=15
spike0_first_ns=12.427807752
spike1_first_ns=14.993191932
spike2_first_ns=16.001588959
spike3_first_ns=16.536139079
energy_j=1.283081552911e-10
