status=OK
spike0_count=15
spike1_count=15
spike2_count=15
spike3_count=15
spike0_first_ns=12.332620837
spike1_first_ns=14.901168677
spike2_first_ns=15.883077509
spike3_first_ns=16.390022782
energy_j=1.306877295313e-10
