status=OK
spike0_count=15
spike1_count=15
spike2_count=15
spike3_count=15
spike0_first_ns=9.333337841
spike1_first_ns=11.901673586
spike2_first_ns=12.882106175
spike3_first_ns=13.388420315
energy_j=1.316569629027e-10
