status=OK
spike0_count=15
spike1_count=15
spike2_count=15
spike3_count=15
spike0_first_ns=9.180599607
spike1_first_ns=11.759936704
spike2_first_ns=12.719146994
spike3_first_ns=13.228493000
energy_j=1.349599741340e-10
