status=OK
raw0=0.172018124
out0=0.172018124
raw1=0.367901528
out1=0.367901528
raw2=0.032913543
out2=0.032913543
raw3=0.427166805
out3=0.427166805
energy_j=8.982000000000e-12
