status=OK
raw0=0.179639292
out0=0.179639292
raw1=0.089928647
out1=0.089928647
raw2=0.664714577
out2=0.664714577
raw3=0.065717483
out3=0.065717483
energy_j=8.982000000000e-12
