status=OK
spike0_count=15
spike1_count=15
spike2_count=15
spike3_count=15
spike0_first_ns=12.670233476
spike1_first_ns=15.249918484
spike2_first_ns=16.212809901
spike3_first_ns=16.727115672
energy_j=1.337517300166e-10
