status=OK
raw0=1.799921608
out0=0.000078392
raw1=1.480733673
out1=0.319266327
raw2=1.799999863
out2=0.000000137
raw3=1.120831337
out3=0.679168663
energy_j=8.968648411890e-12
