status=OK
spike0_count=15
spike1_count=15
spike2_count=15
spike3_count=15
spike0_first_ns=12.640135061
spike1_first_ns=15.211215307
spike2_first_ns=16.185954629
spike3_first_ns=16.714120197
energy_j=1.337691116324e-10
