status=OK
spike0_count=15
spike1_count=15
spike2_count=15
spike3_count=15
spike0_first_ns=11.267251599
spike1_first_ns=13.850233695
spike2_first_ns=14.825123032
spike3_first_ns=15.336796722
energy_j=1.322008460474e-10
