status=OK
spike0_count=15
spike1_count=15
spike2_count=15
spike3_count=15
spike0_first_ns=10.275294469
spike1_first_ns=12.848166424
spike2_first_ns=13.825992532
spike3_first_ns=14.338315067
energy_j=1.324524954854e-10
