status=OK
spike0_count=15
spike1_count=15
spike2_count=15
spike3_count=15
spike0_first_ns=9.532405424
spike1_first_ns=12.100672426
spike2_first_ns=13.106472499
spike3_first_ns=13.633415204
energy_j=1.279955985334e-10
