status=OK
spike0_count=15
spike1_count=15
spike2_count=15
spike3_count=15
spike0_first_ns=12.674178342
spike1_first_ns=15.255342048
spike2_first_ns=16.214575979
spike3_first_ns=16.726526374
energy_j=1.337468653696e-10
