status=OK
spike0_count=15
spike1_count=15
spike2_count=15
spike3_count=15
spike0_first_ns=12.637295018
spike1_first_ns=15.211285144
spike2_first_ns=16.186040247
spike3_first_ns=16.714133157
energy_j=1.337678008182e-10
