status=OK
spike0_count=15
spike1_count=15
spike2_count=15
spike3_count=15
spike0_first_ns=10.337249771
spike1_first_ns=12.905400895
spike2_first_ns=13.884642001
spike3_first_ns=14.388302158
energy_j=1.314166238558e-10
