status=OK
spike0_count=15
spike1_count=15
spike2_count=15
spike3_count=15
spike0_first_ns=12.721993068
spike1_first_ns=15.296061630
spike2_first_ns=16.263601658
spike3_first_ns=16.759480085
energy_j=1.327291184394e-10
