status=OK
spike0_count=15
spike1_count=15
spike2_count=15
spike3_count=15
spike0_first_ns=12.275142234
spike1_first_ns=14.852141675
spike2_first_ns=15.823208083
spike3_first_ns=16.333759384
energy_j=1.318870315614e-10
