status=OK
spike0_count=15
spike1_count=15
spike2_count=15
spike3_count=15
spike0_first_ns=9.175272356
spike1_first_ns=11.754196621
spike2_first_ns=12.715335559
spike3_first_ns=13.227085507
energy_j=1.349612483566e-10
