status=OK
raw0=1.799999865
out0=0.000000135
raw1=1.799994133
out1=0.000005867
raw2=1.799999524
out2=0.000000476
raw3=0.800005523
out3=0.999994477
energy_j=8.982007761294e-12
