status=OK
spike0_count=15
spike1_count=15
spike2_count=15
spike3_count=15
spike0_first_ns=9.680482272
spike1_first_ns=12.262968074
spike2_first_ns=13.219987143
spike3_first_ns=13.729497183
energy_j=1.348001118992e-10
