status=OK
spike0_count=15
spike1_count=15
spike2_count=15
spike3_count=15
spike0_first_ns=9.305227028
spike1_first_ns=11.884574285
spike2_first_ns=12.845187922
spike3_first_ns=13.339329621
energy_j=1.328146071220e-10
