status=OK
spike0_count=15
spike1_count=15
spike2_count=15
spike3_count=15
spike0_first_ns=9.703118675
spike1_first_ns=12.291242500
spike2_first_ns=13.239848341
spike3_first_ns=13.735021205
energy_j=1.347908169004e-10
