status=OK
spike0_count=15
spike1_count=15
spike2_count=15
spike3_count=15
spike0_first_ns=15.462733206
spike1_first_ns=18.029036884
spike2_first_ns=19.028026610
spike3_first_ns=19.542805476
energy_j=1.268221203735e-10
