status=OK
spike0_count=15
spike1_count=15
spike2_count=15
spike3_count=15
spike0_first_ns=9.715614186
spike1_first_ns=12.299632617
spike2_first_ns=13.266639532
spike3_first_ns=13.765323596
energy_j=1.336699821166e-10
