status=OK
raw0=0.058853578
out0=0.058853578
raw1=0.111457534
out1=0.111457534
raw2=0.035229653
out2=0.035229653
raw3=0.794459234
out3=0.794459234
energy_j=8.982000000000e-12
