status=OK
raw0=0.393317235
out0=0.393317235
raw1=0.204764949
out1=0.204764949
raw2=0.122065367
out2=0.122065367
raw3=0.279852449
out3=0.279852449
energy_j=8.982000000000e-12
