status=OK
raw0=0.128646346
out0=0.128646346
raw1=0.016322547
out1=0.016322547
raw2=0.121124046
out2=0.121124046
raw3=0.733907061
out3=0.733907061
energy_j=8.982000000000e-12
