status=OK
raw0=1.799999867
out0=0.000000133
raw1=1.799999867
out1=0.000000133
raw2=1.793631885
out2=0.006368115
raw3=0.806364715
out3=0.993635285
energy_j=8.982032915966e-12
