status=OK
spike0_count=15
spike1_count=15
spike2_count=15
spike3_count=15
spike0_first_ns=12.273327083
spike1_first_ns=14.848568846
spike2_first_ns=15.818969049
spike3_first_ns=16.332633002
energy_j=1.318412704331e-10
