status=OK
spike0_count=15
spike1_count=15
spike2_count=15
spike3_count=15
spike0_first_ns=9.640053019
spike1_first_ns=12.214536344
spike2_first_ns=13.187540329
spike3_first_ns=13.716410218
energy_j=1.348384576008e-10
