status=OK
spike0_count=15
spike1_count=15
spike2_count=15
spike3_count=15
spike0_first_ns=12.671496809
spike1_first_ns=15.251916228
spike2_first_ns=16.212250480
spike3_first_ns=16.725279553
energy_j=1.337472298514e-10
