status=OK
spike0_count=15
spike1_count=15
spike2_count=15
spike3_count=15
spike0_first_ns=12.702477278
spike1_first_ns=15.290942369
spike2_first_ns=16.237720825
spike3_first_ns=16.733143655
energy_j=1.337090624336e-10
