status=OK
raw0=1.799999867
out0=0.000000133
raw1=1.799999867
out1=0.000000133
raw2=1.777077836
out2=0.022922164
raw3=0.822913378
out3=0.977086622
energy_j=8.982081250169e-12
