status=OK
raw0=1.799999867
out0=0.000000133
raw1=1.621887785
out1=0.178112215
raw2=0.978085192
out2=0.821914808
raw3=1.799999867
out3=0.000000133
energy_j=8.982240161226e-12
