status=OK
spike0_count=15
spike1_count=15
spike2_count=15
spike3_count=15
spike0_first_ns=12.821633397
spike1_first_ns=15.398387590
spike2_first_ns=16.381448231
spike3_first_ns=16.884910072
energy_j=1.304935989732e-10
