status=OK
spike0_count=15
spike1_count=15
spike2_count=15
spike3_count=15
spike0_first_ns=12.222335946
spike1_first_ns=14.797615004
spike2_first_ns=15.763576729
spike3_first_ns=16.259444168
energy_j=1.329478730613e-10
