status=OK
raw0=1.799999861
out0=0.000000139
raw1=1.799999861
out1=0.000000139
raw2=1.799999853
out2=0.000000147
raw3=1.799999861
out3=0.000000139
energy_j=5.062702627709e-18
