status=OK
raw0=1.799999864
out0=0.000000136
raw1=1.799999864
out1=0.000000136
raw2=1.799999864
out2=0.000000136
raw3=0.800142319
out3=0.999857681
energy_j=8.980725363070e-12
