status=OK
spike0_count=15
spike1_count=15
spike2_count=15
spike3_count=15
spike0_first_ns=12.391602331
spike1_first_ns=14.958715320
spike2_first_ns=15.952219977
spike3_first_ns=16.457947041
energy_j=1.294522570024e-10
