status=OK
spike0_count=15
spike1_count=15
spike2_count=15
spike3_count=15
spike0_first_ns=12.800029293
spike1_first_ns=15.383719953
spike2_first_ns=16.344561591
spike3_first_ns=16.838855985
energy_j=1.316243384273e-10
