status=OK
spike0_count=15
spike1_count=15
spike2_count=15
spike3_count=15
spike0_first_ns=12.700950013
spike1_first_ns=15.289248673
spike2_first_ns=16.236552111
spike3_first_ns=16.732433811
energy_j=1.337132015240e-10
