status=OK
spike0_count=15
spike1_count=15
spike2_count=15
spike3_count=15
spike0_first_ns=9.454158498
spike1_first_ns=12.025496241
spike2_first_ns=13.020393340
spike3_first_ns=13.539513997
energy_j=1.292557995273e-10
