status=OK
spike0_count=15
spike1_count=15
spike2_count=15
spike3_count=15
spike0_first_ns=12.396993873
spike1_first_ns=14.962572369
spike2_first_ns=15.951371336
spike3_first_ns=16.453817299
energy_j=1.295318938283e-10
