status=OK
raw0=0.121363122
out0=0.121363122
raw1=0.205013980
out1=0.205013980
raw2=0.104257114
out2=0.104257114
raw3=0.569365784
out3=0.569365784
energy_j=8.982000000000e-12
