status=OK
raw0=0.175784959
out0=0.175784959
raw1=0.544956795
out1=0.544956795
raw2=0.041113945
out2=0.041113945
raw3=0.238144301
out3=0.238144301
energy_j=8.982000000000e-12
