status=OK
spike0_count=15
spike1_count=15
spike2_count=15
spike3_count=15
spike0_first_ns=12.823091033
spike1_first_ns=15.395177370
spike2_first_ns=16.381340765
spike3_first_ns=16.888880907
energy_j=1.304566318082e-10
