status=OK
raw0=0.131597906
out0=0.131597906
raw1=0.195180820
out1=0.195180820
raw2=0.423028610
out2=0.423028610
raw3=0.250192664
out3=0.250192664
energy_j=8.982000000000e-12
