status=OK
raw0=0.040141641
out0=0.040141641
raw1=0.064425704
out1=0.064425704
raw2=0.114302925
out2=0.114302925
raw3=0.781129730
out3=0.781129730
energy_j=8.982000000000e-12
