status=OK
spike0_count=15
spike1_count=15
spike2_count=15
spike3_count=15
spike0_first_ns=12.770753101
spike1_first_ns=15.346287800
spike2_first_ns=16.316630423
spike3_first_ns=16.830420327
energy_j=1.316573578880e-10
