status=OK
spike0_count=15
spike1_count=15
spike2_count=15
spike3_count=15
spike0_first_ns=12.821889205
spike1_first_ns=15.399020355
spike2_first_ns=16.381316217
spike3_first_ns=16.884594281
energy_j=1.305033411640e-10
