status=OK
spike0_count=15
spike1_count=15
spike2_count=15
spike3_count=15
spike0_first_ns=12.179208275
spike1_first_ns=14.759867382
spike2_first_ns=15.717520054
spike3_first_ns=16.226863668
energy_j=1.339610594522e-10
