status=OK
raw0=0.049243740
out0=0.049243740
raw1=0.184581492
out1=0.184581492
raw2=0.151590412
out2=0.151590412
raw3=0.614584356
out3=0.614584356
energy_j=8.982000000000e-12
