status=OK
spike0_count=15
spike1_count=15
spike2_count=15
spike3_count=15
spike0_first_ns=11.165675101
spike1_first_ns=13.753120522
spike2_first_ns=14.715096035
spike3_first_ns=15.227841636
energy_j=1.343363923724e-10
