status=OK
raw0=0.438759907
out0=0.438759907
raw1=0.159608140
out1=0.159608140
raw2=0.101386621
out2=0.101386621
raw3=0.300245333
out3=0.300245333
energy_j=8.982000000000e-12
