status=OK
spike0_count=15
spike1_count=15
spike2_count=15
spike3_count=15
spike0_first_ns=9.364101853
spike1_first_ns=11.924474941
spike2_first_ns=12.926992130
spike3_first_ns=13.449631365
energy_j=1.305187526041e-10
