status=OK
raw0=0.281331636
out0=0.281331636
raw1=0.221496576
out1=0.221496576
raw2=0.267600319
out2=0.267600319
raw3=0.229571469
out3=0.229571469
energy_j=8.982000000000e-12
