status=OK
spike0_count=15
spike1_count=15
spike2_count=15
spike3_count=15
spike0_first_ns=10.466419047
spike1_first_ns=13.032629260
spike2_first_ns=14.025503386
spike3_first_ns=14.541551487
energy_j=1.289576061316e-10
