status=OK
raw0=1.799999866
out0=0.000000134
raw1=1.799999866
out1=0.000000134
raw2=1.799976605
out2=0.000023395
raw3=0.800022708
out3=0.999977292
energy_j=8.982008577531e-12
