status=OK
spike0_count=15
spike1_count=15
spike2_count=15
spike3_count=15
spike0_first_ns=14.171102377
spike1_first_ns=16.750221977
spike2_first_ns=17.708503793
spike3_first_ns=18.222500471
energy_j=1.330089142469e-10
