status=OK
spike0_count=15
spike1_count=15
spike2_count=15
spike3_count=15
spike0_first_ns=11.172354795
spike1_first_ns=13.749344089
spike2_first_ns=14.712932476
spike3_first_ns=15.226979745
energy_j=1.343343252326e-10
