status=OK
spike0_count=15
spike1_count=15
spike2_count=15
spike3_count=15
spike0_first_ns=9.674869062
spike1_first_ns=12.255568352
spike2_first_ns=13.213926299
spike3_first_ns=13.726548560
energy_j=1.348063782169e-10
