status=OK
spike0_count=15
spike1_count=15
spike2_count=15
spike3_count=15
spike0_first_ns=12.770760536
spike1_first_ns=15.346300765
spike2_first_ns=16.316766291
spike3_first_ns=16.830491460
energy_j=1.316472211920e-10
