status=OK
spike0_count=15
spike1_count=15
spike2_count=15
spike3_count=15
spike0_first_ns=12.750037248
spike1_first_ns=15.334117352
spike2_first_ns=16.287592290
spike3_first_ns=16.767497063
energy_j=1.327259961773e-10
