status=OK
spike0_count=15
spike1_count=15
spike2_count=15
spike3_count=15
spike0_first_ns=9.715341881
spike1_first_ns=12.299630527
spike2_first_ns=13.266707173
spike3_first_ns=13.765324157
energy_j=1.336714214085e-10
