status=OK
spike0_count=15
spike1_count=15
spike2_count=15
spike3_count=15
spike0_first_ns=12.669961523
spike1_first_ns=15.250074359
spike2_first_ns=16.212764568
spike3_first_ns=16.727116905
energy_j=1.337463396250e-10
