status=OK
spike0_count=15
spike1_count=15
spike2_count=15
spike3_count=15
spike0_first_ns=10.180046418
spike1_first_ns=12.756975320
spike2_first_ns=13.715762163
spike3_first_ns=14.225517542
energy_j=1.346567850881e-10
