status=OK
spike0_count=15
spike1_count=15
spike2_count=15
spike3_count=15
spike0_first_ns=12.191617073
spike1_first_ns=14.761163219
spike2_first_ns=15.739557733
spike3_first_ns=16.253297829
energy_j=1.329684859107e-10
