status=OK
raw0=0.088916177
out0=0.088916177
raw1=0.649410707
out1=0.649410707
raw2=0.122949878
out2=0.122949878
raw3=0.138723239
out3=0.138723239
energy_j=8.982000000000e-12
