status=OK
raw0=1.799999867
out0=0.000000133
raw1=1.792900402
out1=0.007099598
raw2=0.807095558
out2=0.992904442
raw3=1.799999867
out3=0.000000133
energy_j=8.982038674039e-12
