status=OK
spike0_count=15
spike1_count=15
spike2_count=15
spike3_count=15
spike0_first_ns=12.672187655
spike1_first_ns=15.253630272
spike2_first_ns=16.213666194
spike3_first_ns=16.726160087
energy_j=1.337453310172e-10
