status=OK
raw0=0.807763135
out0=0.992236865
raw1=1.792228607
out1=0.007771393
raw2=1.799999865
out2=0.000000135
raw3=1.799999865
out3=0.000000135
energy_j=8.982076595035e-12
