status=OK
spike0_count=15
spike1_count=15
spike2_count=15
spike3_count=15
spike0_first_ns=9.392475536
spike1_first_ns=11.957412887
spike2_first_ns=12.946149152
spike3_first_ns=13.453247518
energy_j=1.304276286334e-10
