status=OK
spike0_count=15
spike1_count=15
spike2_count=15
spike3_count=15
spike0_first_ns=9.223270371
spike1_first_ns=11.801768632
spike2_first_ns=12.767973727
spike3_first_ns=13.263003835
energy_j=1.339505834151e-10
