status=OK
spike0_count=15
spike1_count=15
spike2_count=15
spike3_count=15
spike0_first_ns=12.668501061
spike1_first_ns=15.251779717
spike2_first_ns=16.212466913
spike3_first_ns=16.725423218
energy_j=1.337383394140e-10
