status=OK
spike0_count=15
spike1_count=15
spike2_count=15
spike3_count=15
spike0_first_ns=10.419956682
spike1_first_ns=12.997513261
spike2_first_ns=13.975685154
spike3_first_ns=14.462335884
energy_j=1.301668821081e-10
