status=OK
spike0_count=15
spike1_count=15
spike2_count=15
spike3_count=15
spike0_first_ns=12.273483416
spike1_first_ns=14.848376782
spike2_first_ns=15.818987894
spike3_first_ns=16.332560635
energy_j=1.318484594990e-10
