status=OK
raw0=1.205724262
out0=0.594275738
raw1=1.785916855
out1=0.014083145
raw2=1.438912871
out2=0.361087129
raw3=1.769400693
out3=0.030599307
energy_j=8.982406362501e-12
