status=OK
spike0_count=15
spike1_count=15
spike2_count=15
spike3_count=15
spike0_first_ns=12.713620115
spike1_first_ns=15.296520352
spike2_first_ns=16.266950778
spike3_first_ns=16.765668101
energy_j=1.326026739607e-10
