status=OK
raw0=1.799987114
out0=0.000012886
raw1=1.799999861
out1=0.000000139
raw2=1.799999861
out2=0.000000139
raw3=1.799999861
out3=0.000000139
energy_j=1.194743324537e-16
