status=OK
spike0_count=15
spike1_count=15
spike2_count=15
spike3_count=15
spike0_first_ns=9.635002183
spike1_first_ns=12.216436421
spike2_first_ns=13.188602704
spike3_first_ns=13.717625516
energy_j=1.348394088835e-10
