status=OK
raw0=0.071090174
out0=0.071090174
raw1=0.107927205
out1=0.107927205
raw2=0.178075589
out2=0.178075589
raw3=0.642907032
out3=0.642907032
energy_j=8.982000000000e-12
