status=OK
raw0=0.804219681
out0=0.995780319
raw1=1.799999865
out1=0.000000135
raw2=1.795792600
out2=0.004207400
raw3=1.799982695
out3=0.000017305
energy_j=8.982045236631e-12
