status=OK
spike0_count=15
spike1_count=15
spike2_count=15
spike3_count=15
spike0_first_ns=12.218921661
spike1_first_ns=14.800018270
spike2_first_ns=15.768126080
spike3_first_ns=16.266004889
energy_j=1.328359364918e-10
