status=OK
spike0_count=15
spike1_count=15
spike2_count=15
spike3_count=15
spike0_first_ns=9.671840653
spike1_first_ns=12.252359154
spike2_first_ns=13.211626569
spike3_first_ns=13.725994889
energy_j=1.347990907261e-10
