status=OK
spike0_count=15
spike1_count=15
spike2_count=15
spike3_count=15
spike0_first_ns=12.392826164
spike1_first_ns=14.959324749
spike2_first_ns=15.949527760
spike3_first_ns=16.454012772
energy_j=1.295203532543e-10
