status=OK
spike0_count=15
spike1_count=15
spike2_count=15
spike3_count=15
spike0_first_ns=15.173497346
spike1_first_ns=17.754392620
spike2_first_ns=18.713736623
spike3_first_ns=19.225316781
energy_j=1.324733753082e-10
