status=OK
spike0_count=15
spike1_count=15
spike2_count=15
spike3_count=15
spike0_first_ns=14.274068946
spike1_first_ns=16.845737205
spike2_first_ns=17.818530496
spike3_first_ns=18.331991635
energy_j=1.309139520542e-10
