status=OK
raw0=1.669338576
out0=0.130661424
raw1=1.799955877
out1=0.000044123
raw2=1.799999862
out2=0.000000138
raw3=1.752497911
out3=0.047502089
energy_j=1.600659733919e-12
