status=OK
raw0=1.799999505
out0=0.000000495
raw1=1.799999864
out1=0.000000136
raw2=0.903116996
out2=0.896883004
raw3=1.696800861
out3=0.103199139
energy_j=8.982742493639e-12
