status=OK
spike0_count=15
spike1_count=15
spike2_count=15
spike3_count=15
spike0_first_ns=9.721523099
spike1_first_ns=12.300120710
spike2_first_ns=13.266142072
spike3_first_ns=13.761714158
energy_j=1.338070244746e-10
