status=OK
spike0_count=15
spike1_count=15
spike2_count=15
spike3_count=15
spike0_first_ns=9.705335317
spike1_first_ns=12.292874637
spike2_first_ns=13.241022475
spike3_first_ns=13.735236611
energy_j=1.347925182045e-10
