status=OK
spike0_count=15
spike1_count=15
spike2_count=15
spike3_count=15
spike0_first_ns=13.770302692
spike1_first_ns=16.345492812
spike2_first_ns=17.318620879
spike3_first_ns=17.831978528
energy_j=1.311435985191e-10
