status=OK
spike0_count=15
spike1_count=15
spike2_count=15
spike3_count=15
spike0_first_ns=12.670098793
spike1_first_ns=15.251734814
spike2_first_ns=16.212471282
spike3_first_ns=16.725519580
energy_j=1.337354202072e-10
