status=OK
spike0_count=15
spike1_count=15
spike2_count=15
spike3_count=15
spike0_first_ns=15.273327083
spike1_first_ns=17.848502717
spike2_first_ns=18.818857893
spike3_first_ns=19.332633375
energy_j=1.303553588216e-10
