status=OK
raw0=1.799999867
out0=0.000000133
raw1=0.800500367
out1=0.999499633
raw2=1.799498565
out2=0.000501435
raw3=1.799999867
out3=0.000000133
energy_j=8.982011553119e-12
