status=OK
spike0_count=15
spike1_count=15
spike2_count=15
spike3_count=15
spike0_first_ns=14.026874068
spike1_first_ns=16.603380545
spike2_first_ns=17.604557639
spike3_first_ns=18.131427012
energy_j=1.263455042110e-10
