status=OK
raw0=1.799999803
out0=0.000000197
raw1=1.799999283
out1=0.000000717
raw2=1.799999830
out2=0.000000170
raw3=1.368078117
out3=0.431921883
energy_j=3.879532070455e-12
