status=OK
raw0=1.158738726
out0=0.641261274
raw1=1.799999862
out1=0.000000138
raw2=1.799999822
out2=0.000000178
raw3=1.799992001
out3=0.000007999
energy_j=5.759883361617e-12
