status=OK
raw0=1.799999862
out0=0.000000138
raw1=1.603248421
out1=0.196751579
raw2=1.098574592
out2=0.701425408
raw3=1.799989424
out3=0.000010576
energy_j=8.067520174576e-12
