status=OK
spike0_count=15
spike1_count=15
spike2_count=15
spike3_count=15
spike0_first_ns=9.565336703
spike1_first_ns=12.129295101
spike2_first_ns=13.131580433
spike3_first_ns=13.680347184
energy_j=1.348885314769e-10
