status=OK
spike0_count=15
spike1_count=15
spike2_count=15
spike3_count=15
spike0_first_ns=9.674660137
spike1_first_ns=12.255594160
spike2_first_ns=13.213798702
spike3_first_ns=13.726059579
energy_j=1.348040980245e-10
