status=OK
spike0_count=15
spike1_count=15
spike2_count=15
spike3_count=15
spike0_first_ns=12.272210805
spike1_first_ns=14.845556070
spike2_first_ns=15.819845866
spike3_first_ns=16.334460057
energy_j=1.317819751809e-10
