status=OK
raw0=0.442353588
out0=0.442353588
raw1=0.167703670
out1=0.167703670
raw2=0.166637858
out2=0.166637858
raw3=0.223304884
out3=0.223304884
energy_j=8.982000000000e-12
