status=OK
spike0_count=15
spike1_count=15
spike2_count=15
spike3_count=15
spike0_first_ns=12.362508994
spike1_first_ns=14.938915874
spike2_first_ns=15.907278926
spike3_first_ns=16.405932093
energy_j=1.306691867948e-10
