status=OK
raw0=0.297700592
out0=0.297700592
raw1=0.123109377
out1=0.123109377
raw2=0.491541992
out2=0.491541992
raw3=0.087648039
out3=0.087648039
energy_j=8.982000000000e-12
