status=OK
raw0=0.390943586
out0=0.390943586
raw1=0.092269613
out1=0.092269613
raw2=0.184700082
out2=0.184700082
raw3=0.332086720
out3=0.332086720
energy_j=8.982000000000e-12
