status=OK
raw0=1.799999860
out0=0.000000140
raw1=1.799999830
out1=0.000000170
raw2=1.799999827
out2=0.000000173
raw3=1.778842810
out3=0.021157190
energy_j=1.900380091330e-13
