status=OK
spike0_count=15
spike1_count=15
spike2_count=15
spike3_count=15
spike0_first_ns=14.172403175
spike1_first_ns=16.751932591
spike2_first_ns=17.709209354
spike3_first_ns=18.223090610
energy_j=1.329999579120e-10
