status=OK
spike0_count=15
spike1_count=15
spike2_count=15
spike3_count=15
spike0_first_ns=12.642072974
spike1_first_ns=15.214512239
spike2_first_ns=16.188089400
spike3_first_ns=16.715262081
energy_j=1.337655744051e-10
