status=OK
spike0_count=15
spike1_count=15
spike2_count=15
spike3_count=15
spike0_first_ns=9.672003359
spike1_first_ns=12.252344778
spike2_first_ns=13.211672810
spike3_first_ns=13.725304235
energy_j=1.348032600413e-10
