status=OK
raw0=1.799981102
out0=0.000018898
raw1=1.608369896
out1=0.191630104
raw2=1.799999861
out2=0.000000139
raw3=1.799999862
out3=0.000000138
energy_j=1.721393822612e-12
