status=OK
raw0=1.799999866
out0=0.000000134
raw1=1.799910957
out1=0.000089043
raw2=0.840456042
out2=0.959543958
raw3=1.759607423
out3=0.040392577
energy_j=8.982230928734e-12
