status=OK
spike0_count=15
spike1_count=15
spike2_count=15
spike3_count=15
spike0_first_ns=9.672914762
spike1_first_ns=12.255320543
spike2_first_ns=13.217145592
spike3_first_ns=13.729258340
energy_j=1.348163222160e-10
