status=OK
raw0=1.799999839
out0=0.000000161
raw1=1.725493788
out1=0.074506212
raw2=1.799971907
out2=0.000028093
raw3=1.799999862
out3=0.000000138
energy_j=6.694697861939e-13
