status=OK
spike0_count=15
spike1_count=15
spike2_count=15
spike3_count=15
spike0_first_ns=9.775206168
spike1_first_ns=12.350007782
spike2_first_ns=13.324736728
spike3_first_ns=13.836408548
energy_j=1.326921156058e-10
