status=OK
spike0_count=15
spike1_count=15
spike2_count=15
spike3_count=15
spike0_first_ns=9.701816036
spike1_first_ns=12.289586319
spike2_first_ns=13.236456603
spike3_first_ns=13.732890539
energy_j=1.347940678053e-10
