status=OK
raw0=0.521659730
out0=0.521659730
raw1=0.055152072
out1=0.055152072
raw2=0.253733812
out2=0.253733812
raw3=0.169454385
out3=0.169454385
energy_j=8.982000000000e-12
