status=OK
raw0=0.127662425
out0=0.127662425
raw1=0.365122458
out1=0.365122458
raw2=0.422973509
out2=0.422973509
raw3=0.084241608
out3=0.084241608
energy_j=8.982000000000e-12
