status=OK
spike0_count=15
spike1_count=15
spike2_count=15
spike3_count=15
spike0_first_ns=11.172329113
spike1_first_ns=13.749632276
spike2_first_ns=14.712991595
spike3_first_ns=15.226986052
energy_j=1.343384459366e-10
