status=OK
raw0=0.119537230
out0=0.119537230
raw1=0.151438121
out1=0.151438121
raw2=0.201713190
out2=0.201713190
raw3=0.527311459
out3=0.527311459
energy_j=8.982000000000e-12
