status=OK
raw0=0.398495520
out0=0.398495520
raw1=0.476522424
out1=0.476522424
raw2=0.045798950
out2=0.045798950
raw3=0.079183106
out3=0.079183106
energy_j=8.982000000000e-12
