status=OK
raw0=0.251009198
out0=0.251009198
raw1=0.042925218
out1=0.042925218
raw2=0.684307800
out2=0.684307800
raw3=0.021757783
out3=0.021757783
energy_j=8.982000000000e-12
