status=OK
raw0=1.799999867
out0=0.000000133
raw1=0.799999274
out1=1.000000726
raw2=1.799999862
out2=0.000000138
raw3=1.799999867
out3=0.000000133
energy_j=8.982009278316e-12
