status=OK
spike0_count=15
spike1_count=15
spike2_count=15
spike3_count=15
spike0_first_ns=9.205946577
spike1_first_ns=11.792746352
spike2_first_ns=12.740351033
spike3_first_ns=13.234095180
energy_j=1.349440150684e-10
