status=OK
spike0_count=15
spike1_count=15
spike2_count=15
spike3_count=15
spike0_first_ns=11.166304922
spike1_first_ns=13.754174793
spike2_first_ns=14.716145571
spike3_first_ns=15.228252768
energy_j=1.343307357509e-10
