status=OK
spike0_count=15
spike1_count=15
spike2_count=15
spike3_count=15
spike0_first_ns=12.699908490
spike1_first_ns=15.289148432
spike2_first_ns=16.236537869
spike3_first_ns=16.732433234
energy_j=1.337148195565e-10
