status=OK
raw0=1.485807855
out0=0.314192145
raw1=1.799999169
out1=0.000000831
raw2=1.799999865
out2=0.000000135
raw3=1.114114453
out3=0.685885547
energy_j=8.982706517701e-12
