status=OK
raw0=1.799999866
out0=0.000000134
raw1=1.799999866
out1=0.000000134
raw2=0.898665109
out2=0.901334891
raw3=1.701291613
out3=0.098708387
energy_j=8.982390210777e-12
