status=OK
spike0_count=15
spike1_count=15
spike2_count=15
spike3_count=15
spike0_first_ns=11.173900166
spike1_first_ns=13.752793729
spike2_first_ns=14.715047464
spike3_first_ns=15.227842482
energy_j=1.343395409848e-10
