status=OK
spike0_count=15
spike1_count=15
spike2_count=15
spike3_count=15
spike0_first_ns=12.830323503
spike1_first_ns=15.398964342
spike2_first_ns=16.381347659
spike3_first_ns=16.884751951
energy_j=1.304915279048e-10
