status=OK
raw0=0.058317033
out0=0.058317033
raw1=0.128283776
out1=0.128283776
raw2=0.602610842
out2=0.602610842
raw3=0.210788349
out3=0.210788349
energy_j=8.982000000000e-12
