status=OK
raw0=0.108583025
out0=0.108583025
raw1=0.079519263
out1=0.079519263
raw2=0.759297183
out2=0.759297183
raw3=0.052600529
out3=0.052600529
energy_j=8.982000000000e-12
