status=OK
spike0_count=15
spike1_count=15
spike2_count=15
spike3_count=15
spike0_first_ns=11.173497015
spike1_first_ns=13.751235998
spike2_first_ns=14.714063602
spike3_first_ns=15.227401597
energy_j=1.343291098461e-10
