status=OK
raw0=0.224588882
out0=0.224588882
raw1=0.502169349
out1=0.502169349
raw2=0.123080312
out2=0.123080312
raw3=0.150161457
out3=0.150161457
energy_j=8.982000000000e-12
