status=OK
raw0=0.223428638
out0=0.223428638
raw1=0.326751455
out1=0.326751455
raw2=0.097732509
out2=0.097732509
raw3=0.352087399
out3=0.352087399
energy_j=8.982000000000e-12
