status=OK
spike0_count=15
spike1_count=15
spike2_count=15
spike3_count=15
spike0_first_ns=12.671142856
spike1_first_ns=15.251784779
spike2_first_ns=16.212480226
spike3_first_ns=16.725423043
energy_j=1.337458133812e-10
