status=OK
spike0_count=15
spike1_count=15
spike2_count=15
spike3_count=15
spike0_first_ns=9.642837849
spike1_first_ns=12.216327985
spike2_first_ns=13.188689584
spike3_first_ns=13.717626728
energy_j=1.348336875475e-10
