status=OK
spike0_count=15
spike1_count=15
spike2_count=15
spike3_count=15
spike0_first_ns=9.775349143
spike1_first_ns=12.350221001
spike2_first_ns=13.324732771
spike3_first_ns=13.836277834
energy_j=1.327048419861e-10
