status=OK
raw0=1.253308415
out0=0.546691585
raw1=1.617835750
out1=0.182164250
raw2=1.544078037
out2=0.255921963
raw3=1.784656357
out3=0.015343643
energy_j=8.983090532474e-12
