status=OK
spike0_count=15
spike1_count=15
spike2_count=15
spike3_count=15
spike0_first_ns=12.698562915
spike1_first_ns=15.287407620
spike2_first_ns=16.235404983
spike3_first_ns=16.732215070
energy_j=1.337136138948e-10
