status=OK
spike0_count=15
spike1_count=15
spike2_count=15
spike3_count=15
spike0_first_ns=12.719907794
spike1_first_ns=15.294734177
spike2_first_ns=16.267240668
spike3_first_ns=16.766377745
energy_j=1.326076200819e-10
