status=OK
raw0=0.649151705
out0=0.649151705
raw1=0.093302274
out1=0.093302274
raw2=0.092120109
out2=0.092120109
raw3=0.165425912
out3=0.165425912
energy_j=8.982000000000e-12
