status=OK
spike0_count=15
spike1_count=15
spike2_count=15
spike3_count=15
spike0_first_ns=9.775121005
spike1_first_ns=12.348149274
spike2_first_ns=13.325950339
spike3_first_ns=13.838154171
energy_j=1.326214129186e-10
