status=OK
raw0=1.799999865
out0=0.000000135
raw1=1.799999867
out1=0.000000133
raw2=1.799999866
out2=0.000000134
raw3=0.799996356
out3=1.000003644
energy_j=8.982022385721e-12
