status=OK
spike0_count=15
spike1_count=15
spike2_count=15
spike3_count=15
spike0_first_ns=9.671829214
spike1_first_ns=12.251983787
spike2_first_ns=13.214889796
spike3_first_ns=13.728485616
energy_j=1.348214261800e-10
