status=OK
spike0_count=15
spike1_count=15
spike2_count=15
spike3_count=15
spike0_first_ns=9.835318394
spike1_first_ns=12.404991748
spike2_first_ns=13.387866061
spike3_first_ns=13.898226013
energy_j=1.315433085554e-10
