status=OK
spike0_count=15
spike1_count=15
spike2_count=15
spike3_count=15
spike0_first_ns=9.832915399
spike1_first_ns=12.400734617
spike2_first_ns=13.384582436
spike3_first_ns=13.895404088
energy_j=1.315079367840e-10
