status=OK
spike0_count=15
spike1_count=15
spike2_count=15
spike3_count=15
spike0_first_ns=9.720503623
spike1_first_ns=12.296188263
spike2_first_ns=13.264516707
spike3_first_ns=13.764640727
energy_j=1.336647422950e-10
