status=OK
spike0_count=15
spike1_count=15
spike2_count=15
spike3_count=15
spike0_first_ns=9.363140151
spike1_first_ns=11.939030298
spike2_first_ns=12.907627152
spike3_first_ns=13.406756610
energy_j=1.316386034870e-10
