status=OK
raw0=0.143933902
out0=0.143933902
raw1=0.169674440
out1=0.169674440
raw2=0.137575451
out2=0.137575451
raw3=0.548816206
out3=0.548816206
energy_j=8.982000000000e-12
