status=OK
spike0_count=15
spike1_count=15
spike2_count=15
spike3_count=15
spike0_first_ns=14.222478155
spike1_first_ns=16.801109346
spike2_first_ns=17.766940378
spike3_first_ns=18.262516052
energy_j=1.319997130272e-10
