status=OK
spike0_count=15
spike1_count=15
spike2_count=15
spike3_count=15
spike0_first_ns=12.671254033
spike1_first_ns=15.251795334
spike2_first_ns=16.212504006
spike3_first_ns=16.725523324
energy_j=1.337333211354e-10
