status=OK
spike0_count=15
spike1_count=15
spike2_count=15
spike3_count=15
spike0_first_ns=9.670117709
spike1_first_ns=12.250674150
spike2_first_ns=13.210560031
spike3_first_ns=13.724875598
energy_j=1.348135236084e-10
