status=OK
spike0_count=15
spike1_count=15
spike2_count=15
spike3_count=15
spike0_first_ns=10.223518122
spike1_first_ns=12.801008533
spike2_first_ns=13.764656201
spike3_first_ns=14.260366921
energy_j=1.336330522255e-10
