status=OK
raw0=0.257307010
out0=0.257307010
raw1=0.568658508
out1=0.568658508
raw2=0.106972878
out2=0.106972878
raw3=0.067061605
out3=0.067061605
energy_j=8.982000000000e-12
