status=OK
raw0=1.799999866
out0=0.000000134
raw1=1.799999866
out1=0.000000134
raw2=1.799999866
out2=0.000000134
raw3=0.799998839
out3=1.000001161
energy_j=8.982011222645e-12
