status=OK
raw0=0.165880599
out0=0.165880599
raw1=0.149809289
out1=0.149809289
raw2=0.133363746
out2=0.133363746
raw3=0.550946366
out3=0.550946366
energy_j=8.982000000000e-12
