status=OK
spike0_count=15
spike1_count=15
spike2_count=15
spike3_count=15
spike0_first_ns=12.672680250
spike1_first_ns=15.253231369
spike2_first_ns=16.213478635
spike3_first_ns=16.726017836
energy_j=1.337223629081e-10
