status=OK
raw0=0.074110794
out0=0.074110794
raw1=0.060446027
out1=0.060446027
raw2=0.047903346
out2=0.047903346
raw3=0.817539833
out3=0.817539833
energy_j=8.982000000000e-12
