status=OK
raw0=0.158004597
out0=0.158004597
raw1=0.505840328
out1=0.505840328
raw2=0.264519862
out2=0.264519862
raw3=0.071635214
out3=0.071635214
energy_j=8.982000000000e-12
