status=OK
raw0=1.799999847
out0=0.000000153
raw1=0.800003639
out1=0.999996361
raw2=1.799999865
out2=0.000000135
raw3=1.799999865
out3=0.000000135
energy_j=8.981971113010e-12
