status=OK
spike0_count=15
spike1_count=15
spike2_count=15
spike3_count=15
spike0_first_ns=12.720633126
spike1_first_ns=15.296108018
spike2_first_ns=16.263574464
spike3_first_ns=16.759750335
energy_j=1.327307858696e-10
