status=OK
spike0_count=15
spike1_count=15
spike2_count=15
spike3_count=15
spike0_first_ns=14.172738397
spike1_first_ns=16.751840192
spike2_first_ns=17.709447570
spike3_first_ns=18.223094709
energy_j=1.330069734693e-10
