status=OK
spike0_count=15
spike1_count=15
spike2_count=15
spike3_count=15
spike0_first_ns=10.145210486
spike1_first_ns=12.713714513
spike2_first_ns=13.685149537
spike3_first_ns=14.210299471
energy_j=1.346783032335e-10
