status=OK
raw0=0.347426769
out0=0.347426769
raw1=0.379920937
out1=0.379920937
raw2=0.117782106
out2=0.117782106
raw3=0.154870187
out3=0.154870187
energy_j=8.982000000000e-12
