status=OK
raw0=0.019213638
out0=0.019213638
raw1=0.292061683
out1=0.292061683
raw2=0.540312072
out2=0.540312072
raw3=0.148412607
out3=0.148412607
energy_j=8.982000000000e-12
