status=OK
spike0_count=15
spike1_count=15
spike2_count=15
spike3_count=15
spike0_first_ns=12.704426949
spike1_first_ns=15.292668843
spike2_first_ns=16.238814304
spike3_first_ns=16.733435026
energy_j=1.337084290002e-10
