status=OK
raw0=0.121604853
out0=0.121604853
raw1=0.235434155
out1=0.235434155
raw2=0.213359143
out2=0.213359143
raw3=0.429601849
out3=0.429601849
energy_j=8.982000000000e-12
