status=OK
spike0_count=15
spike1_count=15
spike2_count=15
spike3_count=15
spike0_first_ns=9.673302251
spike1_first_ns=12.253563990
spike2_first_ns=13.216039596
spike3_first_ns=13.728869019
energy_j=1.348092075505e-10
