status=OK
spike0_count=15
spike1_count=15
spike2_count=15
spike3_count=15
spike0_first_ns=9.244394453
spike1_first_ns=11.809644682
spike2_first_ns=12.797102178
spike3_first_ns=13.328022877
energy_j=1.328491878901e-10
