status=OK
spike0_count=15
spike1_count=15
spike2_count=15
spike3_count=15
spike0_first_ns=12.712954502
spike1_first_ns=15.296720810
spike2_first_ns=16.266898888
spike3_first_ns=16.765667744
energy_j=1.326047458720e-10
