status=OK
spike0_count=15
spike1_count=15
spike2_count=15
spike3_count=15
spike0_first_ns=11.170257413
spike1_first_ns=13.747769795
spike2_first_ns=14.711946874
spike3_first_ns=15.226725302
energy_j=1.343458298110e-10
