status=OK
spike0_count=15
spike1_count=15
spike2_count=15
spike3_count=15
spike0_first_ns=9.460531686
spike1_first_ns=12.027627554
spike2_first_ns=13.022732705
spike3_first_ns=13.539632633
energy_j=1.292694005373e-10
