status=OK
spike0_count=15
spike1_count=15
spike2_count=15
spike3_count=15
spike0_first_ns=9.701742904
spike1_first_ns=12.289769459
spike2_first_ns=13.236459810
spike3_first_ns=13.732892784
energy_j=1.347905083817e-10
