status=OK
spike0_count=15
spike1_count=15
spike2_count=15
spike3_count=15
spike0_first_ns=12.718761300
spike1_first_ns=15.294822023
spike2_first_ns=16.267285132
spike3_first_ns=16.766372940
energy_j=1.326065430426e-10
