status=OK
raw0=0.044894615
out0=0.044894615
raw1=0.029306947
out1=0.029306947
raw2=0.308494146
out2=0.308494146
raw3=0.617304292
out3=0.617304292
energy_j=8.982000000000e-12
