status=OK
spike0_count=15
spike1_count=15
spike2_count=15
spike3_count=15
spike0_first_ns=14.168646473
spike1_first_ns=16.748554749
spike2_first_ns=17.707378992
spike3_first_ns=18.222410564
energy_j=1.330070021852e-10
