status=OK
spike0_count=15
spike1_count=15
spike2_count=15
spike3_count=15
spike0_first_ns=12.683212539
spike1_first_ns=15.258764221
spike2_first_ns=16.239575689
spike3_first_ns=16.753342920
energy_j=1.327589822769e-10
