status=OK
spike0_count=15
spike1_count=15
spike2_count=15
spike3_count=15
spike0_first_ns=12.712815417
spike1_first_ns=15.296055704
spike2_first_ns=16.263572637
spike3_first_ns=16.759117269
energy_j=1.327370358654e-10
