status=OK
spike0_count=15
spike1_count=15
spike2_count=15
spike3_count=15
spike0_first_ns=12.712151237
spike1_first_ns=15.294580891
spike2_first_ns=16.267279848
spike3_first_ns=16.766378596
energy_j=1.326069356170e-10
