status=OK
raw0=0.533729150
out0=0.533729150
raw1=0.144659248
out1=0.144659248
raw2=0.051406720
out2=0.051406720
raw3=0.270204881
out3=0.270204881
energy_j=8.982000000000e-12
