status=OK
spike0_count=15
spike1_count=15
spike2_count=15
spike3_count=15
spike0_first_ns=12.670095844
spike1_first_ns=15.250114005
spike2_first_ns=16.212785115
spike3_first_ns=16.727114980
energy_j=1.337516694995e-10
