status=OK
spike0_count=15
spike1_count=15
spike2_count=15
spike3_count=15
spike0_first_ns=12.393330365
spike1_first_ns=14.959068735
spike2_first_ns=15.949198924
spike3_first_ns=16.453826436
energy_j=1.295196587468e-10
