status=OK
spike0_count=15
spike1_count=15
spike2_count=15
spike3_count=15
spike0_first_ns=14.174366751
spike1_first_ns=16.753460207
spike2_first_ns=17.710803075
spike3_first_ns=18.223179047
energy_j=1.330018226261e-10
