status=OK
spike0_count=15
spike1_count=15
spike2_count=15
spike3_count=15
spike0_first_ns=12.638846319
spike1_first_ns=15.216457096
spike2_first_ns=16.189247740
spike3_first_ns=16.715822713
energy_j=1.337704660370e-10
