status=OK
raw0=1.799999774
out0=0.000000226
raw1=1.799999867
out1=0.000000133
raw2=1.715730891
out2=0.084269109
raw3=0.884239809
out3=0.915760191
energy_j=8.982266261741e-12
