status=OK
spike0_count=15
spike1_count=15
spike2_count=15
spike3_count=15
spike0_first_ns=11.170669296
spike1_first_ns=13.747647482
spike2_first_ns=14.711844723
spike3_first_ns=15.226720235
energy_j=1.343396022824e-10
