status=OK
raw0=1.799999865
out0=0.000000135
raw1=1.799999865
out1=0.000000135
raw2=1.799999865
out2=0.000000135
raw3=0.799999408
out3=1.000000592
energy_j=8.982007467657e-12
