status=OK
spike0_count=15
spike1_count=15
spike2_count=15
spike3_count=15
spike0_first_ns=9.330734545
spike1_first_ns=11.898121518
spike2_first_ns=12.882021739
spike3_first_ns=13.391972713
energy_j=1.316200507809e-10
