status=OK
raw0=1.509464393
out0=0.290535607
raw1=1.090491412
out1=0.709508588
raw2=1.799999866
out2=0.000000134
raw3=1.799999865
out3=0.000000135
energy_j=8.982399366224e-12
