status=OK
spike0_count=15
spike1_count=15
spike2_count=15
spike3_count=15
spike0_first_ns=9.674667737
spike1_first_ns=12.255666339
spike2_first_ns=13.213796099
spike3_first_ns=13.726059524
energy_j=1.348009032520e-10
