status=OK
spike0_count=15
spike1_count=15
spike2_count=15
spike3_count=15
spike0_first_ns=9.674695198
spike1_first_ns=12.255635381
spike2_first_ns=13.213802564
spike3_first_ns=13.726060710
energy_j=1.348045004755e-10
