status=OK
spike0_count=15
spike1_count=15
spike2_count=15
spike3_count=15
spike0_first_ns=10.538746758
spike1_first_ns=13.107839715
spike2_first_ns=14.109830702
spike3_first_ns=14.635960136
energy_j=1.276761261199e-10
