status=OK
spike0_count=15
spike1_count=15
spike2_count=15
spike3_count=15
spike0_first_ns=10.496931356
spike1_first_ns=13.070153901
spike2_first_ns=14.050736712
spike3_first_ns=14.547331965
energy_j=1.289280922674e-10
