status=OK
raw0=1.799999863
out0=0.000000137
raw1=1.799999852
out1=0.000000148
raw2=1.799999859
out2=0.000000141
raw3=0.815048744
out3=0.984951256
energy_j=8.846835778505e-12
