status=OK
raw0=1.790972053
out0=0.009027947
raw1=1.779954910
out1=0.020045090
raw2=1.799999861
out2=0.000000139
raw3=1.799999861
out3=0.000000139
energy_j=2.611364913515e-13
