status=OK
spike0_count=15
spike1_count=15
spike2_count=15
spike3_count=15
spike0_first_ns=11.272809699
spike1_first_ns=13.848860356
spike2_first_ns=14.823416476
spike3_first_ns=15.335379559
energy_j=1.322218648453e-10
