status=OK
spike0_count=15
spike1_count=15
spike2_count=15
spike3_count=15
spike0_first_ns=9.662873769
spike1_first_ns=12.252019927
spike2_first_ns=13.215044749
spike3_first_ns=13.728479236
energy_j=1.348159081335e-10
