status=OK
spike0_count=15
spike1_count=15
spike2_count=15
spike3_count=15
spike0_first_ns=9.399187644
spike1_first_ns=11.964266340
spike2_first_ns=12.949255911
spike3_first_ns=13.452442288
energy_j=1.305045161941e-10
