status=OK
raw0=0.148217659
out0=0.148217659
raw1=0.741009617
out1=0.741009617
raw2=0.044514410
out2=0.044514410
raw3=0.066258315
out3=0.066258315
energy_j=8.982000000000e-12
