status=OK
raw0=0.083482966
out0=0.083482966
raw1=0.481245039
out1=0.481245039
raw2=0.401025843
out2=0.401025843
raw3=0.034246152
out3=0.034246152
energy_j=8.982000000000e-12
