status=OK
spike0_count=15
spike1_count=15
spike2_count=15
spike3_count=15
spike0_first_ns=9.661913897
spike1_first_ns=12.252221877
spike2_first_ns=13.211658584
spike3_first_ns=13.725314072
energy_j=1.348162962252e-10
