status=OK
spike0_count=15
spike1_count=15
spike2_count=15
spike3_count=15
spike0_first_ns=12.203636333
spike1_first_ns=14.792318974
spike2_first_ns=15.737710801
spike3_first_ns=16.232391547
energy_j=1.339440463101e-10
