status=OK
raw0=0.218709563
out0=0.218709563
raw1=0.220951726
out1=0.220951726
raw2=0.293176666
out2=0.293176666
raw3=0.267162046
out3=0.267162046
energy_j=8.982000000000e-12
