status=OK
raw0=1.799999867
out0=0.000000133
raw1=1.784708425
out1=0.015291575
raw2=0.815286023
out2=0.984713977
raw3=1.799998371
out3=0.000001629
energy_j=8.982065684892e-12
