status=OK
raw0=0.094116609
out0=0.094116609
raw1=0.196713181
out1=0.196713181
raw2=0.240387391
out2=0.240387391
raw3=0.468782818
out3=0.468782818
energy_j=8.982000000000e-12
