status=OK
raw0=0.576467312
out0=0.576467312
raw1=0.089554254
out1=0.089554254
raw2=0.135595164
out2=0.135595164
raw3=0.198383270
out3=0.198383270
energy_j=8.982000000000e-12
