status=OK
spike0_count=15
spike1_count=15
spike2_count=15
spike3_count=15
spike0_first_ns=9.395733757
spike1_first_ns=11.961391410
spike2_first_ns=12.952678931
spike3_first_ns=13.456113208
energy_j=1.305019008734e-10
