status=OK
spike0_count=15
spike1_count=15
spike2_count=15
spike3_count=15
spike0_first_ns=9.714842975
spike1_first_ns=12.298116560
spike2_first_ns=13.265565438
spike3_first_ns=13.764963796
energy_j=1.336655094982e-10
