status=OK
raw0=1.796093751
out0=0.003906249
raw1=1.579382183
out1=0.220617817
raw2=1.037510384
out2=0.762489616
raw3=1.799999863
out3=0.000000137
energy_j=8.865357689961e-12
