status=OK
raw0=0.143993536
out0=0.143993536
raw1=0.179958265
out1=0.179958265
raw2=0.180953815
out2=0.180953815
raw3=0.495094384
out3=0.495094384
energy_j=8.982000000000e-12
