status=OK
spike0_count=15
spike1_count=15
spike2_count=15
spike3_count=15
spike0_first_ns=9.301576725
spike1_first_ns=11.864653859
spike2_first_ns=12.857818610
spike3_first_ns=13.372935464
energy_j=1.316826607837e-10
