status=OK
raw0=1.799999865
out0=0.000000135
raw1=1.334706371
out1=0.465293629
raw2=1.799987764
out2=0.000012236
raw3=1.265251697
out3=0.534748303
energy_j=8.982486907128e-12
