status=OK
raw0=0.204066797
out0=0.204066797
raw1=0.407638823
out1=0.407638823
raw2=0.289466403
out2=0.289466403
raw3=0.098827977
out3=0.098827977
energy_j=8.982000000000e-12
