status=OK
raw0=0.225626635
out0=0.225626635
raw1=0.428132623
out1=0.428132623
raw2=0.204020612
out2=0.204020612
raw3=0.142220131
out3=0.142220131
energy_j=8.982000000000e-12
