status=OK
spike0_count=15
spike1_count=15
spike2_count=15
spike3_count=15
spike0_first_ns=9.721603909
spike1_first_ns=12.300061966
spike2_first_ns=13.266330211
spike3_first_ns=13.761586134
energy_j=1.337982392401e-10
