status=OK
spike0_count=15
spike1_count=15
spike2_count=15
spike3_count=15
spike0_first_ns=9.646505013
spike1_first_ns=12.219831091
spike2_first_ns=13.190798196
spike3_first_ns=13.717972711
energy_j=1.348304555083e-10
