status=OK
spike0_count=15
spike1_count=15
spike2_count=15
spike3_count=15
spike0_first_ns=12.745447258
spike1_first_ns=15.333871888
spike2_first_ns=16.287552726
spike3_first_ns=16.767466737
energy_j=1.327238068844e-10
