status=OK
raw0=0.385725211
out0=0.385725211
raw1=0.125419564
out1=0.125419564
raw2=0.269013170
out2=0.269013170
raw3=0.219842055
out3=0.219842055
energy_j=8.982000000000e-12
