status=OK
raw0=0.454718183
out0=0.454718183
raw1=0.070833567
out1=0.070833567
raw2=0.359280908
out2=0.359280908
raw3=0.115167341
out3=0.115167341
energy_j=8.982000000000e-12
