status=OK
raw0=0.212337655
out0=0.212337655
raw1=0.418306299
out1=0.418306299
raw2=0.124698790
out2=0.124698790
raw3=0.244657257
out3=0.244657257
energy_j=8.982000000000e-12
