status=OK
raw0=1.126297439
out0=0.673702561
raw1=1.799999549
out1=0.000000451
raw2=1.799999867
out2=0.000000133
raw3=1.473688098
out3=0.326311902
energy_j=8.982111665761e-12
