status=OK
spike0_count=15
spike1_count=15
spike2_count=15
spike3_count=15
spike0_first_ns=12.493220979
spike1_first_ns=15.067084568
spike2_first_ns=16.051283975
spike3_first_ns=16.547632817
energy_j=1.282786770727e-10
