status=OK
spike0_count=15
spike1_count=15
spike2_count=15
spike3_count=15
spike0_first_ns=12.713666326
spike1_first_ns=15.293406646
spike2_first_ns=16.265103159
spike3_first_ns=16.765291855
energy_j=1.326132382126e-10
