status=OK
raw0=0.018381833
out0=0.018381833
raw1=0.183936665
out1=0.183936665
raw2=0.498377309
out2=0.498377309
raw3=0.299304193
out3=0.299304193
energy_j=8.982000000000e-12
