status=OK
raw0=0.025190034
out0=0.025190034
raw1=0.027740620
out1=0.027740620
raw2=0.565496073
out2=0.565496073
raw3=0.381573273
out3=0.381573273
energy_j=8.982000000000e-12
