status=OK
spike0_count=15
spike1_count=15
spike2_count=15
spike3_count=15
spike0_first_ns=12.393723074
spike1_first_ns=14.959554876
spike2_first_ns=15.949460148
spike3_first_ns=16.454056258
energy_j=1.295170205908e-10
