status=OK
raw0=0.395888726
out0=0.395888726
raw1=0.425180578
out1=0.425180578
raw2=0.086549282
out2=0.086549282
raw3=0.092381414
out3=0.092381414
energy_j=8.982000000000e-12
