status=OK
spike0_count=15
spike1_count=15
spike2_count=15
spike3_count=15
spike0_first_ns=12.671245518
spike1_first_ns=15.251566595
spike2_first_ns=16.212465473
spike3_first_ns=16.725522405
energy_j=1.337231208411e-10
