status=OK
raw0=1.799999035
out0=0.000000965
raw1=1.799999862
out1=0.000000138
raw2=0.922479115
out2=0.877520885
raw3=1.799999862
out3=0.000000138
energy_j=7.881903700082e-12
