status=OK
raw0=0.027247019
out0=0.027247019
raw1=0.119029162
out1=0.119029162
raw2=0.177750086
out2=0.177750086
raw3=0.675973734
out3=0.675973734
energy_j=8.982000000000e-12
