status=OK
spike0_count=15
spike1_count=15
spike2_count=15
spike3_count=15
spike0_first_ns=12.423517427
spike1_first_ns=14.996475571
spike2_first_ns=15.971476779
spike3_first_ns=16.458843343
energy_j=1.295028657441e-10
