status=OK
spike0_count=15
spike1_count=15
spike2_count=15
spike3_count=15
spike0_first_ns=9.223642066
spike1_first_ns=11.801803909
spike2_first_ns=12.767924241
spike3_first_ns=13.263041268
energy_j=1.339333493505e-10
