status=OK
spike0_count=15
spike1_count=15
spike2_count=15
spike3_count=15
spike0_first_ns=9.676037236
spike1_first_ns=12.257378589
spike2_first_ns=13.214812528
spike3_first_ns=13.726415673
energy_j=1.348061485580e-10
