status=OK
spike0_count=15
spike1_count=15
spike2_count=15
spike3_count=15
spike0_first_ns=15.393723025
spike1_first_ns=17.959555005
spike2_first_ns=18.949430594
spike3_first_ns=19.454058996
energy_j=1.280419473940e-10
