status=OK
spike0_count=15
spike1_count=15
spike2_count=15
spike3_count=15
spike0_first_ns=9.702941881
spike1_first_ns=12.291411938
spike2_first_ns=13.239894494
spike3_first_ns=13.735024288
energy_j=1.347906403703e-10
