status=OK
spike0_count=15
spike1_count=15
spike2_count=15
spike3_count=15
spike0_first_ns=10.394411156
spike1_first_ns=12.961268600
spike2_first_ns=13.950222842
spike3_first_ns=14.456146270
energy_j=1.301125280881e-10
