status=OK
raw0=0.343516975
out0=0.343516975
raw1=0.207186881
out1=0.207186881
raw2=0.165129650
out2=0.165129650
raw3=0.284166493
out3=0.284166493
energy_j=8.982000000000e-12
