status=OK
spike0_count=15
spike1_count=15
spike2_count=15
spike3_count=15
spike0_first_ns=12.888560347
spike1_first_ns=15.455140788
spike2_first_ns=16.446786074
spike3_first_ns=16.953903103
energy_j=1.292626709910e-10
