status=OK
spike0_count=15
spike1_count=15
spike2_count=15
spike3_count=15
spike0_first_ns=9.665350423
spike1_first_ns=12.255554973
spike2_first_ns=13.213890544
spike3_first_ns=13.726548504
energy_j=1.348041939014e-10
