status=OK
spike0_count=15
spike1_count=15
spike2_count=15
spike3_count=15
spike0_first_ns=9.721138641
spike1_first_ns=12.299488516
spike2_first_ns=13.266670181
spike3_first_ns=13.765325690
energy_j=1.336682323322e-10
