status=OK
raw0=0.048287487
out0=0.048287487
raw1=0.018391482
out1=0.018391482
raw2=0.335716281
out2=0.335716281
raw3=0.597604750
out3=0.597604750
energy_j=8.982000000000e-12
