status=OK
spike0_count=15
spike1_count=15
spike2_count=15
spike3_count=15
spike0_first_ns=10.275834081
spike1_first_ns=12.850898537
spike2_first_ns=13.825757305
spike3_first_ns=14.337358424
energy_j=1.325064410664e-10
