status=OK
raw0=0.249815508
out0=0.249815508
raw1=0.306410379
out1=0.306410379
raw2=0.344515808
out2=0.344515808
raw3=0.099258305
out3=0.099258305
energy_j=8.982000000000e-12
