status=OK
spike0_count=15
spike1_count=15
spike2_count=15
spike3_count=15
spike0_first_ns=12.668586075
spike1_first_ns=15.248348787
spike2_first_ns=16.210448432
spike3_first_ns=16.725063943
energy_j=1.337399417136e-10
