status=OK
raw0=1.799999186
out0=0.000000814
raw1=0.800318042
out1=0.999681958
raw2=1.799999864
out2=0.000000136
raw3=1.799963675
out3=0.000036325
energy_j=8.979477417736e-12
