status=OK
spike0_count=15
spike1_count=15
spike2_count=15
spike3_count=15
spike0_first_ns=9.218719136
spike1_first_ns=11.798245050
spike2_first_ns=12.767183694
spike3_first_ns=13.265247200
energy_j=1.338189698801e-10
