status=OK
raw0=0.383557470
out0=0.383557470
raw1=0.129160860
out1=0.129160860
raw2=0.038978667
out2=0.038978667
raw3=0.448303003
out3=0.448303003
energy_j=8.982000000000e-12
