status=OK
raw0=1.799939642
out0=0.000060358
raw1=1.799913516
out1=0.000086484
raw2=1.799999862
out2=0.000000138
raw3=1.016412397
out3=0.783587603
energy_j=7.039503655220e-12
