status=OK
raw0=0.123011402
out0=0.123011402
raw1=0.066593537
out1=0.066593537
raw2=0.481572828
out2=0.481572828
raw3=0.328822233
out3=0.328822233
energy_j=8.982000000000e-12
