status=OK
spike0_count=15
spike1_count=15
spike2_count=15
spike3_count=15
spike0_first_ns=9.724258863
spike1_first_ns=12.300245451
spike2_first_ns=13.266344368
spike3_first_ns=13.761603261
energy_j=1.337972069103e-10
