status=OK
raw0=0.180593165
out0=0.180593165
raw1=0.141015110
out1=0.141015110
raw2=0.303806791
out2=0.303806791
raw3=0.374584935
out3=0.374584935
energy_j=8.982000000000e-12
