status=OK
raw0=1.799896035
out0=0.000103965
raw1=1.799999867
out1=0.000000133
raw2=0.800103248
out2=0.999896752
raw3=1.799999867
out3=0.000000133
energy_j=8.982008824994e-12
