status=OK
spike0_count=15
spike1_count=15
spike2_count=15
spike3_count=15
spike0_first_ns=9.671736581
spike1_first_ns=12.253711508
spike2_first_ns=13.212701431
spike3_first_ns=13.725650876
energy_j=1.348220221324e-10
