status=OK
spike0_count=15
spike1_count=15
spike2_count=15
spike3_count=15
spike0_first_ns=12.638560534
spike1_first_ns=15.212920093
spike2_first_ns=16.187041903
spike3_first_ns=16.714695708
energy_j=1.337615712206e-10
