status=OK
raw0=0.114389916
out0=0.114389916
raw1=0.069745537
out1=0.069745537
raw2=0.323727863
out2=0.323727863
raw3=0.492136684
out3=0.492136684
energy_j=8.982000000000e-12
