status=OK
spike0_count=15
spike1_count=15
spike2_count=15
spike3_count=15
spike0_first_ns=9.640367986
spike1_first_ns=12.214778053
spike2_first_ns=13.187557558
spike3_first_ns=13.716425656
energy_j=1.348290679035e-10
