status=OK
spike0_count=15
spike1_count=15
spike2_count=15
spike3_count=15
spike0_first_ns=12.702815782
spike1_first_ns=15.290889677
spike2_first_ns=16.237683962
spike3_first_ns=16.733145024
energy_j=1.337094657649e-10
