status=OK
raw0=0.046106517
out0=0.046106517
raw1=0.300119217
out1=0.300119217
raw2=0.594377517
out2=0.594377517
raw3=0.059396749
out3=0.059396749
energy_j=8.982000000000e-12
