status=OK
raw0=0.474967936
out0=0.474967936
raw1=0.063057085
out1=0.063057085
raw2=0.340263598
out2=0.340263598
raw3=0.121711380
out3=0.121711380
energy_j=8.982000000000e-12
