status=OK
raw0=1.799999866
out0=0.000000134
raw1=0.799999441
out1=1.000000559
raw2=1.799999859
out2=0.000000141
raw3=1.799999824
out3=0.000000176
energy_j=8.982008734246e-12
