status=OK
raw0=0.226846086
out0=0.226846086
raw1=0.399412333
out1=0.399412333
raw2=0.109707170
out2=0.109707170
raw3=0.264034411
out3=0.264034411
energy_j=8.982000000000e-12
