status=OK
spike0_count=15
spike1_count=15
spike2_count=15
spike3_count=15
spike0_first_ns=9.804542639
spike1_first_ns=12.387164234
spike2_first_ns=13.348608155
spike3_first_ns=13.841230139
energy_j=1.326835576450e-10
