status=OK
raw0=1.799997988
out0=0.000002012
raw1=0.800001339
out1=0.999998661
raw2=1.799999764
out2=0.000000236
raw3=1.799999867
out3=0.000000133
energy_j=8.982008881499e-12
