status=OK
raw0=0.201068628
out0=0.201068628
raw1=0.206447467
out1=0.206447467
raw2=0.063324926
out2=0.063324926
raw3=0.529158979
out3=0.529158979
energy_j=8.982000000000e-12
