status=OK
raw0=1.348258682
out0=0.451741318
raw1=1.799999757
out1=0.000000243
raw2=1.799999862
out2=0.000000138
raw3=1.799448017
out3=0.000551983
energy_j=4.062501832630e-12
