status=OK
spike0_count=15
spike1_count=15
spike2_count=15
spike3_count=15
spike0_first_ns=10.366220889
spike1_first_ns=12.923876738
spike2_first_ns=13.928108975
spike3_first_ns=14.449798623
energy_j=1.302023126456e-10
