status=OK
raw0=1.799999865
out0=0.000000135
raw1=1.086791417
out1=0.713208583
raw2=1.513163372
out2=0.286836628
raw3=1.799999866
out3=0.000000134
energy_j=8.982391502091e-12
