status=OK
raw0=1.517497758
out0=0.282502242
raw1=1.799999868
out1=0.000000132
raw2=1.634473794
out2=0.165526206
raw3=1.248005130
out3=0.551994870
energy_j=8.982210577401e-12
