status=OK
raw0=1.799999865
out0=0.000000135
raw1=1.799999865
out1=0.000000135
raw2=0.800003156
out2=0.999996844
raw3=1.799999865
out3=0.000000135
energy_j=8.981975295099e-12
