status=OK
raw0=1.799987046
out0=0.000012954
raw1=0.856374862
out1=0.943625138
raw2=1.799999862
out2=0.000000138
raw3=1.799206273
out3=0.000793727
energy_j=8.482887836178e-12
