status=OK
spike0_count=15
spike1_count=15
spike2_count=15
spike3_count=15
spike0_first_ns=10.540906803
spike1_first_ns=13.107961090
spike2_first_ns=14.113407190
spike3_first_ns=14.636702737
energy_j=1.276743657626e-10
