status=OK
spike0_count=15
spike1_count=15
spike2_count=15
spike3_count=15
spike0_first_ns=9.644803198
spike1_first_ns=12.217844106
spike2_first_ns=13.189619557
spike3_first_ns=13.717881500
energy_j=1.348280341550e-10
