status=OK
raw0=0.071925815
out0=0.071925815
raw1=0.637322621
out1=0.637322621
raw2=0.262245905
out2=0.262245905
raw3=0.028505658
out3=0.028505658
energy_j=8.982000000000e-12
