status=OK
spike0_count=15
spike1_count=15
spike2_count=15
spike3_count=15
spike0_first_ns=13.890394631
spike1_first_ns=16.457024359
spike2_first_ns=17.446416519
spike3_first_ns=17.951847236
energy_j=1.288293262243e-10
