status=OK
spike0_count=15
spike1_count=15
spike2_count=15
spike3_count=15
spike0_first_ns=9.671843354
spike1_first_ns=12.252100974
spike2_first_ns=13.214964243
spike3_first_ns=13.728490582
energy_j=1.348221464014e-10
