status=OK
spike0_count=15
spike1_count=15
spike2_count=15
spike3_count=15
spike0_first_ns=10.334802456
spike1_first_ns=12.898862644
spike2_first_ns=13.885328719
spike3_first_ns=14.397512158
energy_j=1.313094807128e-10
