status=OK
raw0=0.857918894
out0=0.942081106
raw1=1.799999867
out1=0.000000133
raw2=1.742062199
out2=0.057937801
raw3=1.799999867
out3=0.000000133
energy_j=8.982172055423e-12
