status=OK
spike0_count=15
spike1_count=15
spike2_count=15
spike3_count=15
spike0_first_ns=10.337070541
spike1_first_ns=12.905217940
spike2_first_ns=13.887522493
spike3_first_ns=14.397652537
energy_j=1.313527660645e-10
