status=OK
spike0_count=15
spike1_count=15
spike2_count=15
spike3_count=15
spike0_first_ns=9.681391910
spike1_first_ns=12.263231688
spike2_first_ns=13.219932379
spike3_first_ns=13.729497836
energy_j=1.348074853619e-10
