status=OK
spike0_count=15
spike1_count=15
spike2_count=15
spike3_count=15
spike0_first_ns=14.167758776
spike1_first_ns=16.748662989
spike2_first_ns=17.707389274
spike3_first_ns=18.222413409
energy_j=1.330071635812e-10
