status=OK
spike0_count=15
spike1_count=15
spike2_count=15
spike3_count=15
spike0_first_ns=12.860456518
spike1_first_ns=15.436370185
spike2_first_ns=16.406183220
spike3_first_ns=16.903949593
energy_j=1.304728730480e-10
